r3_lp8_1=
    2    -3
   -2    -2
    0    -2

r3_lp8_2=
    0    -2
   -2     2
   -1    -1
   -2    -2

r3_lp8_3=
    0    -3
   -1     2
   -1     0
   -2    -2

r3_lp8_4=
    0    -3
   -2     1
   -1     0
   -2    -2

r3_lp8_5=
    0     2
   -2    -3
   -2    -2
   -2     0
    0    -1

r3_lp8_6=
    1    -2
   -3    -2
   -2     0
    0    -2

r3_lp8_7=
    0    -2
   -3    -2
    0    -1
    0     0
   -2    -2

r3_lp8_8=
    0     2
   -1    -3
   -2    -2
    0     0

r3_lp8_9=
    1     2
   -2    -2
   -2    -2
    1    -1

r3_lp8_10=
    0     2
   -2    -2
   -2    -2
    1     0

r3_lp8_11=
   -1     2
   -2    -2
   -2     1

r3_lp8_12=
   -2    -3
   -2     2
    1     0
   -1    -2

r3_lp8_13=
    1     2
   -2    -3
   -2    -2
    1     0

r3_lp8_14=
   -1    -2
   -3    -2
   -1     0
    1     0
   -2    -2

r3_lp8_15=
    0    -2
   -3    -2
   -2     1
    0    -2

r3_lp8_16=
    1    -2
   -1     2
   -1    -1
   -2    -2

r3_lp8_17=
    0     2
    1    -3
   -2    -2
   -2    -1
    0    -1

r3_lp8_18=
    0     1
   -3    -2
   -2    -1
    0    -2

r3_lp8_19=
    1    -2
   -3    -2
    1     2
   -1     0
    0    -1
   -2    -2

r3_lp8_20=
    0     1
    1    -2
   -3    -2
   -2    -2
   -1     0
    0    -1

r3_lp8_21=
    0     1
   -2    -3
   -1    -2
   -1     0
    0    -2

r3_lp8_22=
    1    -2
   -3    -2
   -1    -1
    0     0
   -2    -2

r3_lp8_23=
    0     1
   -2    -2
   -1    -2
   -1     1
    0    -2

r3_lp8_24=
    1    -2
   -2     1
   -1     1
   -1    -2

r3_lp8_25=
    0     1
   -2    -3
   -2    -1
    1     0

r3_lp8_26=
    1    -2
   -3    -2
    2     0

r3_lp8_27=
   -1    -2
   -3    -2
   -1    -1
    2     0
   -2    -2

r3_lp8_28=
   -1    -2
   -3    -2
   -1     0
    2     0
   -2    -1

r3_lp8_29=
    0     1
    2    -3
   -2    -2
   -2    -1
    0    -1

r3_lp8_30=
    0     2
   -3    -1
   -2    -1
    0    -2

r3_lp8_31=
   -1     2
   -3    -2
   -2    -1
    0    -2

r3_lp8_32=
   -1    -2
    2     1
   -2    -1

r3_lp8_33=
    2    -3
    1     2
    0     0
   -1    -1

r3_lp8_34=
    2    -2
   -3     2
    0     1
    0    -1

r3_lp8_35=
    2    -2
   -3     1
    0     1
    0    -1

r3_lp8_36=
    2    -2
   -3    -1
    0     1
    0    -1

r3_lp8_37=
    2    -2
   -3    -2
    0     1
    0    -1

r3_lp8_38=
    1    -3
    2     2
    1     0
   -1     0

r3_lp8_39=
    3    -3
    2     0
    0    -1

r3_lp8_40=
    3    -2
   -2     0
    1    -1
