r3_lp16_1=
   -2    -3
   -2     2
    2     0
   -2    -2

r3_lp16_2=
   -1    -2
   -3    -2
    2     2
    1     1
    0    -2
   -2    -1

r3_lp16_3=
    2    -2
   -2     2
   -1     2
   -2    -2

r3_lp16_4=
   -1     2
    2    -2
   -3    -2
   -2    -1
    2     0

r3_lp16_5=
    1     2
   -2    -3
   -2    -2
   -1     2
    0    -2

r3_lp16_6=
    1    -2
   -3    -2
    2     2
    0     1
    0    -2
   -2    -1

r3_lp16_7=
    1    -1
   -3    -2
    2     2
    0     1
    0    -2
   -2    -1

r3_lp16_8=
    1    -1
   -2    -2
    2     2
    0     1
    1    -2
   -2    -1

r3_lp16_9=
    1    -1
   -2    -3
   -1     2
    2     0
    1     1
    0    -2
   -2    -1

r3_lp16_10=
    1    -1
   -2    -3
   -2     1
    2     0
    1     1
    0    -2
   -2    -1

r3_lp16_11=
    1    -1
   -2    -3
   -2     2
    0     1
    1     0
   -2    -2

r3_lp16_12=
    1    -2
   -2    -1
    2     2
    0     2
   -1    -2
   -2    -1

r3_lp16_13=
    1    -2
   -2     1
    2     0
    2    -2
   -2    -1

r3_lp16_14=
    1    -2
   -3    -2
    0     2
    2     0
    2     0
   -1    -2
   -2    -1

r3_lp16_15=
    1    -2
   -3    -1
    1     2
    0     2
    0    -2
   -2    -1

r3_lp16_16=
    1    -2
   -3    -1
    2     0
    2     0
   -2    -2

r3_lp16_17=
    1    -2
   -3    -2
    0     2
    0     2
    0    -2
   -2    -1

r3_lp16_18=
    0    -3
   -2     2
    2     1
    0    -2
   -2    -1

r3_lp16_19=
    0    -1
   -2    -2
    2     2
    1     1
    0    -2
   -2    -1

r3_lp16_20=
    0    -1
   -3    -1
    2     2
    1     1
    0    -2
   -2    -1

r3_lp16_21=
    0    -1
   -3    -2
    1     2
    1     1
    0    -2
   -2    -1

r3_lp16_22=
    0    -1
   -3    -2
    2     1
    1     1
    0    -2
   -2     0

r3_lp16_23=
    0    -2
   -2    -1
    2     2
    1     1
   -1    -2
   -2    -1

r3_lp16_24=
    0    -2
   -2     1
    2     1
    1    -2
   -2    -1

r3_lp16_25=
    0    -2
   -2     2
    1     1
    1    -2
   -2     0

r3_lp16_26=
    0    -2
   -3    -2
    0     2
    2     1
    1     0
   -1    -2
   -2    -1

r3_lp16_27=
    0    -2
   -3    -1
    1     2
    1     1
    0    -2
   -2    -1

r3_lp16_28=
    0    -2
   -3    -1
    2     1
    1     1
    0    -2
   -2     0

r3_lp16_29=
    0    -2
   -3    -2
    0     2
    1     1
    0    -2
   -2    -1

r3_lp16_30=
    0    -2
   -3    -2
    1     1
    1     1
    0    -2
   -2     0

r3_lp16_31=
    0    -2
   -3    -2
    2     1
    1     0
   -2    -2

r3_lp16_32=
    0    -2
   -2    -1
    2     2
    1     2
    0    -2
   -2    -1

r3_lp16_33=
    0    -2
   -2     0
    2     2
    1     2
   -1    -2
   -2    -1

r3_lp16_34=
    0    -2
   -2    -1
    2     1
    1     2
   -1    -2
   -2     0

r3_lp16_35=
    0    -2
   -2     0
    2     1
    2    -2
   -2    -1

r3_lp16_36=
    0    -2
   -3     0
    2     2
    1     2
    0    -2
   -2    -1

r3_lp16_37=
    0    -2
   -3    -2
    1     2
    2     1
    2     0
   -1    -2
   -2    -1

r3_lp16_38=
    0    -2
   -3    -2
    0     1
    2     1
    2     0
   -1    -2
   -2    -1

r3_lp16_39=
    0    -2
   -3    -2
    0     2
    1     1
    2     0
   -1    -2
   -2     0

r3_lp16_40=
    0    -2
   -3    -1
    0     2
    1     2
    0    -2
   -2    -1

r3_lp16_41=
    0    -2
   -3    -1
    1     1
    1     2
    0    -2
   -2     0

r3_lp16_42=
    0    -2
   -3    -1
    2     1
    2     0
   -2    -2

r3_lp16_43=
    0    -2
   -3    -2
   -1     2
    1     2
    0    -2
   -2    -1

r3_lp16_44=
    0    -2
   -3    -2
    0     1
    1     1
    2     0
   -2    -2
   -1     0

r3_lp16_45=
    0    -2
   -3    -2
    1     1
    1     2
    0    -2
   -2    -1

r3_lp16_46=
   -1    -2
   -2     2
    2     2
   -1    -2
   -2    -1

r3_lp16_47=
   -1    -2
   -2     1
    2     2
    0    -2
   -2    -1

r3_lp16_48=
   -1    -3
   -2     1
    2     2
    2     0
   -1    -2
   -2    -1

r3_lp16_49=
    0     1
    2    -1
   -3    -2
   -2    -2
   -1     2
    0    -1

r3_lp16_50=
    1    -1
   -3    -2
    0     2
    0     2
    0    -1
   -2    -2

r3_lp16_51=
    0     2
    2    -1
   -3    -2
   -2    -1
    2     0

r3_lp16_52=
    0     2
   -1    -3
   -1    -2
   -1     2
    0    -2

r3_lp16_53=
    1    -1
   -3    -1
    1     0
    2     0
   -2    -2

r3_lp16_54=
    0    -1
   -3    -1
    2     1
    2     0
   -2    -2

r3_lp16_55=
   -1    -3
   -2    -1
    2     2
    0    -2
   -2    -1

r3_lp16_56=
    1    -1
   -3    -2
    0     1
    0     2
    0    -2
   -2    -1

r3_lp16_57=
    0    -1
   -3    -2
    1     1
    1     2
    0    -2
   -2    -1

r3_lp16_58=
   -1    -3
   -2     2
    2     0
   -2    -2

r3_lp16_59=
   -1    -2
   -3     1
    2     2
    2     2
    0    -2
   -2    -1

r3_lp16_60=
   -1    -2
   -3    -2
    2     2
    2     2
    0    -1
   -2    -1

r3_lp16_61=
   -1    -2
   -3    -2
    1     2
    2     2
    0    -1
   -2    -1

r3_lp16_62=
    1    -1
   -2    -3
   -2     1
    2     0
    2     2
    0    -1
   -2    -2

r3_lp16_63=
    0     2
   -1    -2
   -3    -2
   -2    -1
    2     2
    0    -1

r3_lp16_64=
    1    -1
   -2    -3
   -2     0
    1     0
    2     2
    0    -1
   -2    -2

r3_lp16_65=
    0     1
    2    -1
   -2    -3
   -2    -2
   -1     2
    2     0

r3_lp16_66=
    0    -1
   -2    -3
   -2     0
    2     1
    2     2
    0    -1
   -2    -2

r3_lp16_67=
    1    -1
   -2    -3
    0     2
    0     2
    2     0
   -2    -2

r3_lp16_68=
   -1    -2
   -3    -1
    2     2
    2     0
   -2    -1

r3_lp16_69=
    1    -1
   -2    -3
   -1     0
    1     0
    2     2
    0    -2
   -2    -1

r3_lp16_70=
    0    -1
   -2    -3
   -1     1
    1     1
    2     2
    0    -2
   -2    -1

r3_lp16_71=
   -1    -2
   -3    -1
    2     2
    2     0
   -2    -2

r3_lp16_72=
   -1    -2
   -3    -2
    2     2
    2     0
   -2    -1

r3_lp16_73=
    1    -1
   -2    -3
   -2    -1
    1     0
    2     2
    0    -2
   -2    -1

r3_lp16_74=
    0    -1
   -2    -3
   -2     0
    1     1
    2     2
    0    -2
   -2    -1

r3_lp16_75=
    1    -1
   -2    -3
   -2     0
    0     2
    2     0
   -2    -2

r3_lp16_76=
    0    -1
   -2    -3
   -2     1
    1     2
    2     0
   -2    -2

r3_lp16_77=
    0     1
   -1    -2
   -3    -2
   -3    -1
    2     2
    0    -2

r3_lp16_78=
    0     1
   -1    -2
   -3    -2
   -3    -2
    2     2
    0    -2

r3_lp16_79=
    0     1
    1    -2
   -3    -2
   -3    -2
   -1     2
    0    -2

r3_lp16_80=
    0     1
    1    -1
   -3    -2
   -3    -2
   -1     2
    0    -2

r3_lp16_81=
    0     1
    1    -1
   -2    -3
   -3    -2
   -1     2
    2     0

r3_lp16_82=
    0    -2
   -3    -2
    0     1
    1     1
    1     0
   -2    -3
   -2    -1

r3_lp16_83=
    0    -2
   -3     0
    1     1
    1     2
    0    -3
   -2    -1

r3_lp16_84=
    0    -2
   -3    -2
    0     1
    1     2
    0    -2
   -3    -1

r3_lp16_85=
    0    -2
   -3    -2
    0     1
    1     2
    0    -2
   -3    -2

r3_lp16_86=
    0    -1
   -3    -2
    0     1
    1     2
    0    -2
   -3    -1

r3_lp16_87=
    0    -1
   -2    -3
    0     1
    1     2
    2     0
   -3    -1

r3_lp16_88=
    1    -2
   -3     0
    1     0
    2     0
   -3    -2

r3_lp16_89=
    1    -2
   -3    -2
    0     1
    0     2
    0    -2
   -3    -1

r3_lp16_90=
    0    -1
   -3    -2
    0     1
    1     1
    1     0
   -2    -3
   -2     0

r3_lp16_91=
    0    -2
   -3     0
    1     1
    1     2
    0    -3
   -1     0

r3_lp16_92=
    0    -2
   -3    -2
    0     1
    1     2
    0    -2
   -3     0

r3_lp16_93=
    1    -1
   -3    -2
    0     0
    2     0
   -2    -3

r3_lp16_94=
    1    -1
   -2    -3
    0     0
    2     2
    0    -3

r3_lp16_95=
    0     2
   -2    -3
   -3    -1
    2     0

r3_lp16_96=
    0     2
   -2    -3
   -3    -2
    2     0

r3_lp16_97=
    2    -2
   -2     0
    2     0
    0    -2
   -3    -2

r3_lp16_98=
    2    -3
    0     2
    0     0
   -3    -2

r3_lp16_99=
    2    -3
   -2     2
    0     0
   -2    -2

r3_lp16_100=
    2    -3
   -2     0
    2     0
    0    -2
   -3    -1

r3_lp16_101=
    2    -2
   -2     0
    2     0
    1    -1
   -3    -2

r3_lp16_102=
    2    -2
   -2     2
    0     1
   -2    -2

r3_lp16_103=
    2    -2
   -2     0
    2     0
    1    -2
   -3    -1

r3_lp16_104=
    2    -2
   -3    -1
    2     0
    1     0
   -2    -2

r3_lp16_105=
    2    -2
   -3     0
    2     0
    1     0
   -3    -1

r3_lp16_106=
    2    -2
   -3    -2
    1     2
    0     1
    0    -2
   -2    -1

r3_lp16_107=
    2    -2
   -3    -2
    0     1
    0     1
    0    -2
   -3    -2

r3_lp16_108=
    2    -1
   -2    -2
    0     2
    0     1
   -1    -2
   -3    -2

r3_lp16_109=
    2    -1
   -2    -2
    0     2
    0     1
    0    -1
   -3    -2

r3_lp16_110=
    2    -1
   -2    -2
    2     0
    1     0
   -2    -2

r3_lp16_111=
    2    -1
   -2    -2
    0     2
    0     1
    0    -2
   -3    -1

r3_lp16_112=
    2    -1
   -3    -1
    2     0
    1     0
   -2    -2

r3_lp16_113=
    2    -1
   -3     0
    2     0
    1     0
   -3    -1

r3_lp16_114=
    2    -1
   -3    -2
    1     2
    0     1
    0    -2
   -2    -1

r3_lp16_115=
    2    -1
   -3    -2
    0     1
    0     1
    0    -2
   -3    -2

r3_lp16_116=
    2    -1
   -2    -2
   -1     0
    2     0
    1     1
    0    -2
   -3    -2

r3_lp16_117=
    2    -1
   -2    -2
    0     2
    0     1
    1    -1
   -3    -1

r3_lp16_118=
    2    -1
   -2    -2
    1     2
    0     1
    1    -2
   -2    -1

r3_lp16_119=
    2    -1
   -2    -2
    0     1
    0     1
    1    -2
   -3    -2

r3_lp16_120=
    2    -1
   -2    -3
   -2     0
    2     0
    1     1
    0    -1
   -2    -2

r3_lp16_121=
    2    -1
   -2    -3
   -1     1
    2     0
    1     1
    0    -2
   -2    -1

r3_lp16_122=
    2    -1
   -2    -3
    0     1
    0     1
    1     0
   -3    -2

r3_lp16_123=
    2    -1
   -2    -3
   -2     0
    2     0
    1     1
    0    -2
   -2    -1

r3_lp16_124=
    2    -1
   -2    -3
   -2     1
    0     1
    1     0
   -2    -2

r3_lp16_125=
    2    -1
   -2    -3
   -2     0
    0     1
    1     0
   -2    -3

r3_lp16_126=
    0    -3
    0     2
    2     1
    0    -3
   -1     0

r3_lp16_127=
    0    -3
   -2     1
    2     2
    1     0
   -2    -2
   -1     0

r3_lp16_128=
    0    -3
   -2     0
    1     2
    1     0
   -2    -3
   -2     0

r3_lp16_129=
    0    -1
   -2     0
    2     2
    1     1
   -2    -3
   -2     0

r3_lp16_130=
    0    -1
   -2     0
    2     2
    1     1
   -1    -3
   -2     0

r3_lp16_131=
    0    -1
   -2    -2
    2     2
    1     1
   -1    -2
   -2     0

r3_lp16_132=
    0    -1
   -2    -2
    0     2
    2     1
    1    -1
   -2    -3
   -1     0

r3_lp16_133=
    0    -1
   -2    -1
    0     2
    2     1
    1     0
   -2    -3
   -2     0

r3_lp16_134=
    0    -1
   -2    -2
    0     2
    2     1
    1     0
   -1    -3
   -1     0

r3_lp16_135=
    0    -1
   -2    -2
    1     2
    2     1
    1     0
   -2    -2
   -1     0

r3_lp16_136=
    0    -1
   -2    -2
    0     1
    2     1
    1     0
   -2    -3
   -2     0

r3_lp16_137=
    0    -1
   -3     0
    1     2
    1     1
    0    -3
   -2     0

r3_lp16_138=
    0    -1
   -3    -2
    0     2
    2     1
    1     0
   -2    -2
   -1     0

r3_lp16_139=
    0    -1
   -3    -2
    1     2
    1     1
    0    -2
   -2     0

r3_lp16_140=
    0    -1
   -3    -2
    0     2
    1     1
    0    -2
   -3     0

r3_lp16_141=
    0    -2
   -1     0
    2     2
    1     1
   -2    -3
   -2     0

r3_lp16_142=
    0    -2
   -2    -1
    0     2
    2     1
    1     0
   -2    -3
   -1     0

r3_lp16_143=
    0    -2
   -2     0
    1     2
    1     1
   -1    -3
   -2     0

r3_lp16_144=
    0    -2
   -2     0
    2     2
    1     1
   -2    -2
   -1     0

r3_lp16_145=
    0    -2
   -2     1
    2     1
    1    -2
   -2     0

r3_lp16_146=
    0    -2
   -2     0
    2     1
    1    -2
   -3     0

r3_lp16_147=
    0    -2
   -3     0
    2     2
    1     1
    0    -2
   -2     0

r3_lp16_148=
    0    -2
   -3    -2
    1     2
    2     1
    1     0
   -1    -2
   -2     0

r3_lp16_149=
    0    -2
   -3    -2
    0     1
    2     2
    1     1
    0    -1
   -2    -2
   -1     0

r3_lp16_150=
    0    -2
   -3     0
    2     1
    1     0
   -3     0

r3_lp16_151=
    0    -2
   -3    -2
   -1     2
    2     1
    1     0
   -2    -2
   -1     0

r3_lp16_152=
    0    -2
   -3    -2
    0     2
    1     1
    0    -2
   -2     0

r3_lp16_153=
    2    -2
   -1     0
    2     0
    2    -2
   -3    -2

r3_lp16_154=
    2    -2
   -2     0
    2     0
    2     1
   -3    -2

r3_lp16_155=
    2    -2
   -2    -1
    0     2
    0     2
    1    -2
   -3    -1

r3_lp16_156=
    2    -2
   -2    -1
    0     1
    0     2
    0    -2
   -3    -2

r3_lp16_157=
    2    -2
   -2     0
    0     2
   -1    -3

r3_lp16_158=
    2    -2
   -2    -1
    2     0
    2    -2
   -2    -1

r3_lp16_159=
    2    -2
   -2     0
    0     2
   -2    -2

r3_lp16_160=
    2    -2
   -3     1
    2     0
    2     0
   -2    -2

r3_lp16_161=
    2    -2
   -3     0
    1     2
    0     2
    0    -2
   -2    -1

r3_lp16_162=
    2    -2
   -3    -2
    2     0
    2     0
   -1    -2

r3_lp16_163=
    2    -2
   -3    -2
    1     2
    0     2
    0    -1
   -2    -1

r3_lp16_164=
    2    -2
   -3    -2
    0     2
    0     2
    0    -1
   -2    -1

r3_lp16_165=
    2    -2
   -3    -2
    0     1
    0     2
    0    -1
   -2    -2

r3_lp16_166=
    2    -2
   -3    -1
    2     0
    2     0
   -2    -1

r3_lp16_167=
    2    -2
   -3    -1
    0     0
    2     0
   -2    -2

r3_lp16_168=
    2    -2
   -3    -2
    2     0
    2     0
   -2    -1

r3_lp16_169=
    2    -2
   -3    -2
   -1     1
    0     2
    0    -2
   -2    -1

r3_lp16_170=
    2    -1
   -1     0
    2     0
    2    -2
   -3    -2

r3_lp16_171=
    2    -1
   -2     2
    0     2
   -2    -2

r3_lp16_172=
    2    -1
   -2     0
    2     0
    2    -2
   -3    -1

r3_lp16_173=
    2    -1
   -2     0
    2     0
    2    -1
   -3    -1

r3_lp16_174=
    2    -1
   -2    -2
    1     2
    0     2
   -1    -2
   -2    -1

r3_lp16_175=
    2    -1
   -2    -2
    0     1
    0     2
   -1    -2
   -3    -2

r3_lp16_176=
    2    -1
   -2     0
    2     0
    2     0
   -3    -2

r3_lp16_177=
    2    -1
   -2    -1
    0     2
    0     2
    0    -2
   -3    -1

r3_lp16_178=
    2    -1
   -2    -2
    0     1
    0     2
    0    -1
   -3    -2

r3_lp16_179=
    2    -1
   -2    -2
    0     2
    0     2
    0    -2
   -2    -1

r3_lp16_180=
    2    -1
   -2    -2
    0     0
    2     0
   -2    -3

r3_lp16_181=
    2    -1
   -2     0
    2     0
    2     1
   -3    -2

r3_lp16_182=
    2    -1
   -2    -1
    0     2
    0     2
    1    -2
   -3    -1

r3_lp16_183=
    2    -1
   -2    -2
    0     2
    0     2
    1     0
   -3    -1

r3_lp16_184=
    2    -1
   -2    -2
   -1     0
    1     0
    2     1
    0    -2
   -3    -2

r3_lp16_185=
    2    -1
   -2    -2
    0     0
    2     1
   -1    -3

r3_lp16_186=
    2    -1
   -2    -2
   -1     2
    0     2
    1    -2
   -2    -1

r3_lp16_187=
    2    -1
   -2    -2
    0     0
    2     1
   -2    -2

r3_lp16_188=
    2    -1
   -3    -2
    2     0
    2     0
   -2    -1

r3_lp16_189=
    2    -1
   -3    -2
   -1     1
    0     2
    0    -2
   -2    -1

r3_lp16_190=
    2    -1
   -2    -1
    0     2
    0     2
    2    -1
   -3    -2

r3_lp16_191=
    2    -1
   -2    -1
    0     2
    0     2
    2    -2
   -3    -1

r3_lp16_192=
    2    -1
   -2    -2
    0     2
    0     2
    2     1
   -3    -1

r3_lp16_193=
    2    -1
   -2    -2
   -1     0
    1     0
    2     2
    1    -2
   -3    -2

r3_lp16_194=
    2    -1
   -2    -2
    0     1
    0     2
    2     0
   -3    -2

r3_lp16_195=
    2    -1
   -2    -2
   -1     0
    0     2
    2     0
   -2    -3

r3_lp16_196=
    2    -1
   -2    -2
    2     0
    2     2
   -2    -1

r3_lp16_197=
    2    -1
   -2    -2
   -1     1
    0     2
    2    -2
   -2    -1

r3_lp16_198=
    2    -1
   -2    -3
   -1     2
    0     2
    2     0
   -1    -2

r3_lp16_199=
    2    -1
   -2    -3
    1     2
    0     2
    2     0
   -2    -1

r3_lp16_200=
    2    -1
   -2    -3
    0     2
    0     2
    2     0
   -2    -1

r3_lp16_201=
    2    -1
   -2    -3
    0     1
    0     2
    2     0
   -2    -2

r3_lp16_202=
    2    -1
   -2    -3
   -2     2
    0     2
    2     0
   -1    -1

r3_lp16_203=
    2    -1
   -2    -3
   -2     1
    0     2
    2     0
   -2    -1

r3_lp16_204=
    2    -1
   -2    -3
   -2    -1
    0     2
    2     0
   -2    -2

r3_lp16_205=
    1    -3
   -1     2
    2     1
    0    -2
   -2     0

r3_lp16_206=
    1    -3
    0     2
    2     1
    0    -3
   -1     0

r3_lp16_207=
    1    -3
    0     2
    2     1
    0    -3
   -2    -1

r3_lp16_208=
    1    -3
   -2     1
    2     2
    1     0
   -2    -2
   -1     0

r3_lp16_209=
    1    -3
   -2     2
    2     1
    0    -2
   -2    -1

r3_lp16_210=
    1    -3
   -2     0
    1     2
    1     0
   -2    -3
   -2     0

r3_lp16_211=
    1    -3
   -2     0
    2     1
    0    -2
   -3    -1

r3_lp16_212=
    1    -3
   -2     0
    2     1
    0    -2
   -3    -2

r3_lp16_213=
    0    -3
   -2     0
    2     2
    1     1
    0    -1
   -2    -2
    0     1

r3_lp16_214=
    0    -3
   -1     1
    2     2
    1     1
    0    -2
   -2    -1
    0     1

r3_lp16_215=
    0    -3
   -1     2
    2     1
    1     0
   -2    -2
   -1     1

r3_lp16_216=
    0    -3
    0     1
    2     1
    1     0
   -3    -2
    0     1

r3_lp16_217=
    0    -3
    0     2
    1     1
    0    -3
   -2     1

r3_lp16_218=
    0    -3
   -2     0
    2     2
    1     1
    0    -2
   -2    -1
    0     1

r3_lp16_219=
    0    -3
   -2     1
    2     1
    1     0
   -2    -2
   -1     1

r3_lp16_220=
    0    -3
   -2     2
    1     1
    0    -2
   -2     1

r3_lp16_221=
    0    -3
   -2     0
    2     1
    1     0
   -2    -3
    0     1

r3_lp16_222=
    0    -3
   -2     0
    1     1
    1     0
   -2    -3
   -2     1

r3_lp16_223=
    1    -1
   -1     0
    2     2
    1     1
   -2    -3
   -2     0

r3_lp16_224=
    1    -1
   -2     2
    2     1
    1    -2
   -2     0

r3_lp16_225=
    1    -1
   -2     0
    2     2
    1     1
   -2    -3
   -1     0

r3_lp16_226=
    1    -1
   -2     0
    2     2
    1     1
   -2    -3
   -2    -1

r3_lp16_227=
    1    -1
   -2    -2
    1     2
    2     1
    1    -1
   -2    -2
   -1     0

r3_lp16_228=
    1    -1
   -2    -2
    2     2
    1     1
   -1    -2
   -2    -1

r3_lp16_229=
    1    -1
   -2    -2
    0     1
    2     1
    1    -1
   -2    -3
   -2     0

r3_lp16_230=
    1    -1
   -2    -1
    0     2
    2     1
    1     0
   -2    -3
   -1     0

r3_lp16_231=
    1    -1
   -2    -2
   -1     1
    2     2
    1     1
    0    -1
   -2    -2
   -1     0

r3_lp16_232=
    1    -1
   -3     0
    2     2
    1     1
    0    -2
   -2     0

r3_lp16_233=
    1    -1
   -3    -2
    1     2
    2     1
    1     0
   -1    -2
   -2     0

r3_lp16_234=
    1    -1
   -3    -2
    0     1
    2     2
    1     1
    0    -1
   -2    -2
   -1     0

r3_lp16_235=
    1    -1
   -3    -2
    0     2
    2     1
    1     0
   -1    -2
   -2    -1

r3_lp16_236=
    1    -1
   -3    -1
    0     2
    2     1
    1     0
   -2    -2
   -1     0

r3_lp16_237=
    1    -1
   -3    -1
    2     1
    1     0
   -2    -2

r3_lp16_238=
    1    -1
   -3     0
    2     1
    1     0
   -3     0

r3_lp16_239=
    1    -1
   -3    -2
   -1     2
    2     1
    1     0
   -2    -2
   -1     0

r3_lp16_240=
    1    -1
   -3    -2
    0     2
    1     1
    0    -2
   -2    -1

r3_lp16_241=
    1    -1
   -3    -2
    0     1
    1     1
    0    -2
   -3    -1

r3_lp16_242=
    1    -2
   -1     2
    2     1
    1    -2
   -2     0

r3_lp16_243=
    1    -2
   -1     0
    2     2
    1     1
   -2    -3
   -1     0

r3_lp16_244=
    1    -2
   -2    -1
    2     2
    1     1
    0    -2
   -2    -1

r3_lp16_245=
    1    -2
   -2    -1
    0     1
    2     1
    1     0
   -2    -3
   -2     0

r3_lp16_246=
    1    -2
   -2    -1
    0     2
    1     1
    0    -2
   -3    -2

r3_lp16_247=
    1    -2
   -2     1
    1     1
   -2    -2

r3_lp16_248=
    1    -2
   -3     1
    2     2
    1     1
    0    -2
   -2     0

r3_lp16_249=
    1    -2
   -3     0
    1     2
    2     1
    1     0
   -2    -2
   -1     0

r3_lp16_250=
    1    -2
   -3     0
    2     2
    1     1
    0    -2
   -2    -1

r3_lp16_251=
    1    -2
   -3    -2
    2     2
    1     1
    0    -1
   -2     0

r3_lp16_252=
    1    -2
   -3    -2
    1     2
    2     1
    1     0
   -1    -2
   -1     0

r3_lp16_253=
    1    -2
   -3    -2
    1     2
    2     1
    1     0
   -1    -2
   -2    -1

r3_lp16_254=
    1    -2
   -3    -2
    0     2
    2     1
    1     0
   -1    -2
   -1     0

r3_lp16_255=
    1    -2
   -3    -2
    0     1
    2     1
    1     0
   -1    -2
   -2     0

r3_lp16_256=
    1    -2
   -3    -2
    0     2
    1     1
    0    -1
   -2    -2

r3_lp16_257=
    1    -2
   -3    -1
    2     2
    1     1
    0    -2
   -1     0

r3_lp16_258=
    1    -2
   -3    -1
    0     2
    1     1
    0    -2
   -2     0

r3_lp16_259=
    1    -2
   -3    -2
    2     2
    1     1
    0    -2
   -1     0

r3_lp16_260=
    1    -2
   -1     2
    2     1
    2    -2
   -2     0

r3_lp16_261=
    1    -2
   -1     0
    2     2
    1     2
   -2    -3
   -1     0

r3_lp16_262=
    1    -2
   -1     0
    2     2
    1     2
   -2    -3
   -2    -1

r3_lp16_263=
    1    -2
   -2    -1
    1     2
    2     1
    2     1
   -2    -2
   -1     0

r3_lp16_264=
    1    -2
   -2    -1
    2     2
    1     2
    1    -2
   -2    -1

r3_lp16_265=
    1    -2
   -2    -1
    0     1
    2     1
    2     1
   -2    -3
   -2     0

r3_lp16_266=
    1    -2
   -2    -1
    0     2
    1     2
    1    -2
   -3    -1

r3_lp16_267=
    1    -2
   -2    -1
    0     2
    1     2
    1    -2
   -3    -2

r3_lp16_268=
    1    -2
   -2    -1
    0     2
    2     1
    2     0
   -2    -2
   -1     0

r3_lp16_269=
    1    -2
   -2    -1
    1     2
    1     2
    0    -2
   -2    -1

r3_lp16_270=
    1    -2
   -2    -1
    0     2
    1     2
    0    -2
   -3     0

r3_lp16_271=
    1    -2
   -2    -1
    2     2
    1     2
   -1    -2
   -1     0

r3_lp16_272=
    1    -2
   -2    -1
    0     2
    1     2
   -1    -2
   -2    -1

r3_lp16_273=
    1    -2
   -2     2
    2     1
    2    -2
   -1     0

r3_lp16_274=
    1    -2
   -2    -1
    1     2
    1     2
   -2    -2
   -1     0

r3_lp16_275=
    1    -2
   -2    -1
    2     1
    2    -2
   -2    -1

r3_lp16_276=
    1    -2
   -3    -1
    2     2
    1     2
    0    -1
   -2     0

r3_lp16_277=
    1    -2
   -3     1
    2     2
    1     2
    0    -2
   -1     0

r3_lp16_278=
    1    -2
   -3     1
    2     2
    1     2
    0    -2
   -2    -1

r3_lp16_279=
    1    -2
   -3     0
    2     2
    1     2
    0    -2
   -1     0

r3_lp16_280=
    1    -2
   -3     0
    1     2
    1     2
    0    -2
   -2    -1

r3_lp16_281=
    1    -2
   -3    -2
    2     2
    1     2
    0    -1
   -1     0

r3_lp16_282=
    1    -2
   -3    -2
    2     2
    1     2
    0    -1
   -2    -1

r3_lp16_283=
    1    -2
   -3    -2
    1     2
    1     2
    0    -1
   -2     0

r3_lp16_284=
    1    -2
   -3    -2
    0     2
    1     2
    0    -1
   -2     0

r3_lp16_285=
    1    -2
   -3    -2
    0     2
    1     2
    0    -1
   -2    -1

r3_lp16_286=
    1    -2
   -3    -1
    1     2
    1     2
    0    -2
   -1     0

r3_lp16_287=
    1    -2
   -3    -1
    2     1
    2     0
   -2    -1

r3_lp16_288=
    1    -2
   -3    -2
    1     2
    1     2
    0    -2
   -1     0

r3_lp16_289=
    1    -2
   -3    -2
    2     1
    2     0
   -2    -1

r3_lp16_290=
    1    -1
   -1     0
    2     2
    1     2
   -2    -3
   -1     0

r3_lp16_291=
    1    -1
   -2     1
    2     2
    1     2
   -2    -2
   -1     0

r3_lp16_292=
    1    -1
   -2     2
    2     1
    2    -2
   -2    -1

r3_lp16_293=
    1    -1
   -2     0
    1     2
    1     2
   -2    -3
   -2     0

r3_lp16_294=
    1    -1
   -2     0
    2     2
    1     2
   -1    -2
   -2     0

r3_lp16_295=
    1    -1
   -2    -1
    1     2
    2     1
    2    -1
   -2    -2
   -1     0

r3_lp16_296=
    1    -1
   -2    -1
    2     2
    1     2
   -1    -2
   -2    -1

r3_lp16_297=
    1    -1
   -2     0
    1     2
    1     2
   -1    -3
   -2     0

r3_lp16_298=
    1    -1
   -2    -2
    0     2
    2     1
    2    -1
   -2    -2
   -1     0

r3_lp16_299=
    1    -1
   -2    -2
    0     2
    1     2
   -1    -2
   -3     0

r3_lp16_300=
    1    -1
   -2    -1
    0     1
    2     1
    2     0
   -2    -3
   -2     0

r3_lp16_301=
    1    -1
   -2    -2
    1     2
    2     1
    2     0
   -1    -2
   -2     0

r3_lp16_302=
    1    -1
   -2    -2
    0     1
    2     2
    1     2
    0    -1
   -2    -2
   -1     0

r3_lp16_303=
    1    -1
   -2    -2
    0     2
    2     1
    2     0
   -1    -2
   -2    -1

r3_lp16_304=
    1    -1
   -2    -2
   -1     0
    2     2
    1     2
    0    -1
   -2    -2
   -1     0

r3_lp16_305=
    1    -1
   -2    -2
    0     2
    1     2
    0    -1
   -3     0

r3_lp16_306=
    1    -1
   -2    -2
   -1     2
    2     1
    2     0
   -2    -2
   -1     0

r3_lp16_307=
    1    -1
   -2    -1
    0     2
    2     1
    2     1
   -1    -2
   -2     0

r3_lp16_308=
    1    -1
   -2     0
    2     2
    1     2
    1    -3
   -1     0

r3_lp16_309=
    1    -1
   -2    -1
    1     2
    2     1
    2     1
   -2    -2
   -1     0

r3_lp16_310=
    1    -1
   -2    -1
    0     1
    2     1
    2     1
   -2    -3
   -2     0

r3_lp16_311=
    1    -1
   -2    -2
   -1     1
    2     2
    1     2
    1     0
   -1    -2
   -2     0

r3_lp16_312=
    1    -1
   -2    -2
    0     1
    2     1
    2     1
    0    -3
   -2     0

r3_lp16_313=
    1    -1
   -2    -2
   -1     0
    2     2
    1     2
    1     0
   -2    -2
   -1     0

r3_lp16_314=
    1    -1
   -2    -2
   -1     0
    2     1
    2     1
    0    -2
   -3     0

r3_lp16_315=
    1    -1
   -2    -2
    2     2
    1     2
    1    -1
   -2     0

r3_lp16_316=
    1    -1
   -2    -2
    1     2
    2     1
    2     1
   -1    -2
   -1     0

r3_lp16_317=
    1    -1
   -2    -2
    1     2
    2     1
    2     1
   -1    -2
   -2    -1

r3_lp16_318=
    1    -1
   -2    -2
   -1     2
    2     1
    2     1
   -1    -2
   -1     0

r3_lp16_319=
    1    -1
   -2    -2
    2     2
    1     2
    1    -2
   -1     0

r3_lp16_320=
    1    -1
   -3    -1
    2     2
    1     2
    0    -1
   -2     0

r3_lp16_321=
    1    -1
   -3     1
    2     2
    1     2
    0    -2
   -1     0

r3_lp16_322=
    1    -1
   -3    -2
    2     2
    1     2
    0    -1
   -1     0

r3_lp16_323=
    1    -1
   -3    -2
    2     2
    1     2
    0    -1
   -2    -1

r3_lp16_324=
    1    -1
   -3    -2
    0     2
    1     2
    0    -1
   -2     0

r3_lp16_325=
    1    -1
   -3    -1
    1     2
    1     2
    0    -2
   -1     0

r3_lp16_326=
    1    -1
   -2     0
    2     2
    1     2
    2    -3
   -2     0

r3_lp16_327=
    1    -1
   -2    -1
    0     2
    2     1
    2     2
   -1    -3
   -1     0

r3_lp16_328=
    1    -1
   -2    -1
    1     2
    2     1
    2     2
   -2    -2
   -1     0

r3_lp16_329=
    1    -1
   -2    -1
    2     2
    1     2
    2    -2
   -2    -1

r3_lp16_330=
    1    -1
   -2    -1
    0     1
    2     1
    2     2
   -2    -3
   -2     0

r3_lp16_331=
    1    -1
   -2    -2
   -1     0
    1     2
    2     1
    2     2
    1    -1
   -2    -2
   -1     0

r3_lp16_332=
    1    -1
   -2    -2
   -1     0
    2     2
    1     2
    2     1
   -2    -2
   -1     0

r3_lp16_333=
    1    -1
   -2    -2
   -1     0
    2     1
    2     2
    1    -2
   -3     0

r3_lp16_334=
    1    -1
   -2    -2
   -1     2
    2     1
    2     2
    0    -2
   -1     0

r3_lp16_335=
    1    -1
   -2    -3
    2     2
    1     2
    2     0
   -2     0

r3_lp16_336=
    3    -3
   -1     2
    0     0
   -2    -2

r3_lp16_337=
    3    -3
    0     0
    0    -3

r3_lp16_338=
    3    -2
   -2    -1
    0     2
    0     1
    0    -2
   -3    -2

r3_lp16_339=
    3    -2
   -2    -1
    2     0
    1    -1
   -2    -2

r3_lp16_340=
    3    -2
   -2     0
    0     1
   -1    -3

r3_lp16_341=
    3    -2
   -2     1
    0     1
   -2    -2

r3_lp16_342=
    3    -2
   -3    -2
    0     2
    0     1
    0    -1
   -2    -2

r3_lp16_343=
    3    -2
   -3    -1
    1     0
    1     0
   -2    -2

r3_lp16_344=
    3    -2
   -3    -2
    0     2
    0     1
    0    -2
   -2    -1

r3_lp16_345=
    3    -1
   -3    -2
    0     2
    0     1
    0    -1
   -2    -2

r3_lp16_346=
    3    -1
   -3    -1
    1     0
    1     0
   -2    -2

r3_lp16_347=
    3    -1
   -3    -2
    0     2
    0     1
    0    -2
   -2    -1

r3_lp16_348=
    3    -1
   -2    -1
    0     2
    0     1
    1    -2
   -3    -2

r3_lp16_349=
    3    -1
   -2    -2
    0     2
    0     1
    1     0
   -3    -2

r3_lp16_350=
    3    -1
   -2    -2
   -1     2
    0     1
    1     0
   -2    -2

r3_lp16_351=
    3    -1
   -2    -2
   -1     0
    0     1
    1     0
   -2    -3

r3_lp16_352=
    3    -1
   -2    -2
    0     2
    0     1
    1    -1
   -2    -2

r3_lp16_353=
    3    -1
   -2    -2
   -1     1
    0     1
    1    -1
   -2    -2

r3_lp16_354=
    3    -1
   -2    -2
    0     2
    0     1
    1    -2
   -2    -1

r3_lp16_355=
    3    -1
   -2    -3
    0     2
    0     1
    1     0
   -2    -2

r3_lp16_356=
    3    -1
   -2    -3
   -2     1
    2     0
    1     1
    0    -1
   -2    -2

r3_lp16_357=
    3    -1
   -2    -3
   -2     0
    1     0
    1     1
    0    -1
   -2    -2

r3_lp16_358=
    3    -1
   -2    -3
   -1     0
    2     0
    1     1
    0    -2
   -2    -1

r3_lp16_359=
    3    -1
   -2    -3
   -2    -1
    2     0
    1     1
    0    -2
   -2    -1

r3_lp16_360=
    3    -1
   -2    -3
   -2     0
    0     1
    1     0
   -2    -2

r3_lp16_361=
    0    -3
   -2     0
    2     3
    1     0
   -1    -2
   -2     0

r3_lp16_362=
    0    -3
   -1     1
    3     1
    0    -2
   -2     0

r3_lp16_363=
    0    -1
   -3     0
    2     3
    1     1
    0    -2
   -2     0

r3_lp16_364=
    0    -1
   -3    -2
    1     2
    3     1
    1     0
   -1    -2
   -2     0

r3_lp16_365=
    0    -1
   -3    -2
    0     1
    3     1
    1     0
   -1    -2
   -2     0

r3_lp16_366=
    0    -1
   -3    -1
    0     2
    3     1
    1     0
   -2    -2
   -1     0

r3_lp16_367=
    0    -1
   -3    -2
   -1     2
    3     1
    1     0
   -2    -2
   -1     0

r3_lp16_368=
    0    -2
    0     2
    3     1
    1    -3
   -2     0

r3_lp16_369=
    0    -2
   -1     2
    3     1
    1    -2
   -2     0

r3_lp16_370=
    0    -2
   -1     0
    3     1
    1    -2
   -3     0

r3_lp16_371=
    0    -2
   -2     0
    3     1
    1     0
   -3     0

r3_lp16_372=
    0    -2
   -2    -1
    1     3
    1     1
    0    -2
   -2     0

r3_lp16_373=
    0    -2
   -2     1
    2     3
    1     1
   -1    -2
   -2     0

r3_lp16_374=
    0    -2
   -2     0
    1     3
    1     1
   -1    -2
   -2     0

r3_lp16_375=
    0    -2
   -2    -1
    0     2
    3     1
    1    -1
   -2    -2
   -1     0

r3_lp16_376=
    0    -2
   -2    -1
    2     3
    1     1
   -2    -2
   -1     0

r3_lp16_377=
    0    -2
   -2     0
    3     1
    1    -2
   -2     0

r3_lp16_378=
    0    -2
   -3     1
    2     3
    1     1
    0    -2
   -2     0

r3_lp16_379=
    0    -2
   -3     0
    1     3
    1     1
    0    -2
   -2     0

r3_lp16_380=
    0    -2
   -3    -2
    2     3
    1     1
    0    -1
   -2     0

r3_lp16_381=
    0    -2
   -3    -2
    1     3
    1     1
    0    -1
   -2     0

r3_lp16_382=
    0    -2
   -3    -2
    0     2
    3     1
    1     0
   -1    -2
   -1     0

r3_lp16_383=
    0    -2
   -3    -1
    2     3
    1     1
    0    -2
   -1     0

r3_lp16_384=
    0    -2
   -3    -1
    0     3
    1     1
    0    -2
   -2     0

r3_lp16_385=
    0    -2
   -3    -2
    2     3
    1     1
    0    -2
   -1     0

r3_lp16_386=
    0    -2
   -3    -2
   -1     3
    1     1
    0    -2
   -2     0

r3_lp16_387=
    3    -2
   -1     0
    2     0
    2    -1
   -3    -2

r3_lp16_388=
    3    -2
   -1     2
    0     2
   -2    -2

r3_lp16_389=
    3    -2
   -1     0
    0     2
   -2    -3

r3_lp16_390=
    3    -2
   -2     0
    0     2
    1    -3

r3_lp16_391=
    3    -2
   -2    -1
    1     0
    2     1
   -2    -2

r3_lp16_392=
    3    -2
   -2     0
    1     0
    2     0
   -2    -2

r3_lp16_393=
    3    -2
   -2    -1
    0     2
    0     2
    0    -2
   -2    -1

r3_lp16_394=
    3    -2
   -2     2
    0     2
   -1    -2

r3_lp16_395=
    3    -2
   -2     1
    0     2
   -1    -2

r3_lp16_396=
    3    -2
   -2     0
    2     0
    2    -1
   -2    -1

r3_lp16_397=
    3    -2
   -2    -1
    2     0
    2    -1
   -2    -1

r3_lp16_398=
    3    -2
   -2    -1
    0     0
    2    -1
   -2    -2

r3_lp16_399=
    3    -2
   -2     2
    0     2
   -2    -1

r3_lp16_400=
    3    -2
   -2    -1
    0     2
   -2    -2

r3_lp16_401=
    3    -2
   -3    -1
    2     0
    2     0
   -1    -2

r3_lp16_402=
    3    -2
   -3     1
    0     2
    0    -2

r3_lp16_403=
    3    -2
   -3     0
    2     0
    2     0
   -2    -1

r3_lp16_404=
    3    -2
   -3    -2
    2     0
    2     0
   -1    -1

r3_lp16_405=
    3    -2
   -3    -2
    0     0
    2     0
   -1    -2

r3_lp16_406=
    3    -2
   -3    -1
    0     2
    0    -2

r3_lp16_407=
    3    -2
   -3    -2
    1     0
    2     0
   -2    -1

r3_lp16_408=
    1    -1
   -3    -2
    2     3
    1     1
    0    -1
   -2     0

r3_lp16_409=
    1    -1
   -3    -2
    1     3
    1     1
    0    -1
   -2     0

r3_lp16_410=
    1    -1
   -3    -2
    0     2
    3     1
    1     0
   -1    -2
   -1     0

r3_lp16_411=
    1    -2
    0     3
    1     1
   -3     0

r3_lp16_412=
    1    -2
   -1     1
    3     1
    1    -2
   -2     0

r3_lp16_413=
    1    -2
   -2    -1
    0     2
    3     1
    1     0
   -2    -2
   -1     0

r3_lp16_414=
    1    -2
   -2     2
    3     1
    1    -1
   -2     0

r3_lp16_415=
    1    -2
   -2     1
    3     1
    1    -1
   -2     0

r3_lp16_416=
    1    -2
   -2     0
    2     3
    1     1
   -1    -2
   -1     0

r3_lp16_417=
    1    -2
   -2    -1
    2     3
    1     1
   -1    -2
   -1     0

r3_lp16_418=
    1    -2
   -2    -1
    0     3
    1     1
   -1    -2
   -2     0

r3_lp16_419=
    1    -2
   -2     2
    3     1
    1    -2
   -1     0

r3_lp16_420=
    1    -2
   -2    -1
    3     1
    1    -2
   -2     0

r3_lp16_421=
    1    -2
   -3    -1
    2     3
    1     1
    0    -1
   -2     0

r3_lp16_422=
    1    -2
   -3     1
    3     1
    1     0
   -2     0

r3_lp16_423=
    1    -2
   -3    -2
    2     3
    1     1
    0    -1
   -1     0

r3_lp16_424=
    1    -2
   -3    -2
    0     3
    1     1
    0    -1
   -2     0

r3_lp16_425=
    1    -2
   -3    -1
    3     1
    1     0
   -2     0

r3_lp16_426=
    1    -2
   -3    -2
    1     3
    1     1
    0    -2
   -1     0

r3_lp16_427=
    1    -2
   -1     0
    3     1
    2    -1
   -3     0

r3_lp16_428=
    1    -2
   -1     1
    3     1
    2    -2
   -2     0

r3_lp16_429=
    1    -2
   -2    -1
    0     2
    3     1
    2     1
   -2    -2
   -1     0

r3_lp16_430=
    1    -2
   -2     0
    2     3
    1     2
    0    -2
   -1     0

r3_lp16_431=
    1    -2
   -2    -1
    2     3
    1     2
    0    -2
   -1     0

r3_lp16_432=
    1    -2
   -2    -1
    0     3
    1     2
    0    -2
   -2     0

r3_lp16_433=
    1    -2
   -2     2
    3     1
    2    -1
   -1     0

r3_lp16_434=
    1    -2
   -2     0
    3     1
    2    -1
   -2     0

r3_lp16_435=
    1    -2
   -2    -1
    3     1
    2    -1
   -2     0

r3_lp16_436=
    1    -2
   -2     1
    3     1
    2    -2
   -1     0

r3_lp16_437=
    3    -1
   -2     0
    2     0
    2    -2
   -2    -1

r3_lp16_438=
    3    -1
   -2     1
    2     0
    2    -1
   -2    -2

r3_lp16_439=
    3    -1
   -2     0
    1     0
    2    -1
   -2    -2

r3_lp16_440=
    3    -1
   -2    -1
    0     2
    0     2
   -1    -2
   -2    -1

r3_lp16_441=
    3    -1
   -2    -2
   -1     2
    0     2
   -1    -2
   -2    -1

r3_lp16_442=
    3    -1
   -2    -2
    0     0
    2    -1
   -2    -2

r3_lp16_443=
    3    -1
   -2    -2
    2     0
    2     0
   -1    -2

r3_lp16_444=
    3    -1
   -2    -2
    1     0
    2     0
   -1    -2

r3_lp16_445=
    3    -1
   -2    -2
    0     2
    0     2
    0    -1
   -2    -1

r3_lp16_446=
    3    -1
   -2    -2
   -1     2
    0     2
    0    -1
   -2    -1

r3_lp16_447=
    3    -1
   -2    -2
   -1     0
    0     2
    0    -1
   -2    -2

r3_lp16_448=
    3    -1
   -2    -2
    2     0
    2     0
   -2    -1

r3_lp16_449=
    3    -1
   -2    -2
   -1     0
    2     0
   -2    -2

r3_lp16_450=
    3    -1
   -2    -1
    0     2
    0     2
    1    -2
   -2    -1

r3_lp16_451=
    3    -1
   -2    -2
   -1     2
    0     2
    1     0
   -2    -1

r3_lp16_452=
    3    -1
   -2    -2
   -1     0
    0     2
    1     0
   -2    -2

r3_lp16_453=
    3    -1
   -2    -2
    2     0
    2     1
   -1    -1

r3_lp16_454=
    3    -1
   -2    -2
    0     0
    2     1
   -1    -2

r3_lp16_455=
    3    -1
   -2    -2
   -1     0
    2     1
   -1    -2

r3_lp16_456=
    3    -1
   -2    -1
    0     2
    0     2
    2    -2
   -2    -1

r3_lp16_457=
    3    -1
   -2    -2
   -1     2
    0     2
    2     1
   -2    -1

r3_lp16_458=
    3    -1
   -2    -2
   -1     0
    0     2
    2     1
   -2    -2

r3_lp16_459=
    2    -2
   -1     0
    2     3
    1     1
   -2    -2
   -1     0

r3_lp16_460=
    2    -2
   -2     0
    2     3
    1     1
    0    -2
   -1     0

r3_lp16_461=
    2    -2
   -2    -1
    2     3
    1     1
    0    -2
   -1     0

r3_lp16_462=
    2    -2
   -2    -1
    0     3
    1     1
    0    -2
   -2     0

r3_lp16_463=
    2    -2
   -2     2
    3     1
    1    -1
   -1     0

r3_lp16_464=
    2    -2
   -2     0
    3     1
    1    -1
   -2     0

r3_lp16_465=
    2    -2
   -3     0
    3     1
    1     0
   -2     0

r3_lp16_466=
    2    -2
   -1     0
    2     3
    1     2
   -2    -2
   -1     0

r3_lp16_467=
    2    -2
   -1     1
    2     1
    2    -2
   -2    -1

r3_lp16_468=
    2    -2
   -2    -1
    2     3
    1     2
    1    -2
   -1     0

r3_lp16_469=
    2    -2
   -2    -1
    0     3
    1     2
    1    -2
   -2     0

r3_lp16_470=
    2    -2
   -2    -1
    0     2
    1     2
    1    -2
   -2    -1

r3_lp16_471=
    2     2
   -2    -2
   -1     1
    0     1
    2     1
   -2    -2

r3_lp16_472=
    2    -2
   -2    -1
    0     1
    1     2
    1    -2
   -3    -2

r3_lp16_473=
    2     2
   -2    -2
   -1     0
    0     1
    2     1
   -2    -3

r3_lp16_474=
    2    -2
   -2     0
    3     1
    2     0
   -2     0

r3_lp16_475=
    2     2
   -2    -2
    0     1
    0     1
    2     0
   -2    -2

r3_lp16_476=
    2    -2
   -2     0
    1     1
    2     0
   -3    -2

r3_lp16_477=
    2     2
   -2    -2
    0     0
    1     2
    0    -3

r3_lp16_478=
    2    -2
   -2    -1
    2     1
    2     0
   -2    -1

r3_lp16_479=
    2     2
   -2    -2
   -1     0
    0     1
    2     0
   -2    -2

r3_lp16_480=
    2    -2
   -2    -1
    1     1
    2     0
   -2    -2

r3_lp16_481=
    2     2
   -2    -2
    1     0
    1     2
   -1    -2

r3_lp16_482=
    2    -2
   -2     0
    1     1
    2    -1
   -2    -2

r3_lp16_483=
    2     2
   -2    -3
    0     0
    1     2
    0    -2

r3_lp16_484=
    2    -2
   -3     0
    1     1
    2     0
   -2    -2

r3_lp16_485=
    2    -2
   -3    -2
    1     1
    2     0
   -1    -2

r3_lp16_486=
    2    -1
   -2     1
    3     1
    2    -1
   -2     0

r3_lp16_487=
    2    -1
   -2     1
    2     1
    2    -1
   -2    -2

r3_lp16_488=
    2    -1
   -2     0
    2     3
    1     2
   -1    -2
   -1     0

r3_lp16_489=
    2    -1
   -2     0
    1     2
    1     2
   -1    -2
   -2    -1

r3_lp16_490=
    2    -1
   -2    -1
    2     3
    1     2
   -1    -2
   -1     0

r3_lp16_491=
    2    -1
   -2    -1
    0     3
    1     2
   -1    -2
   -2     0

r3_lp16_492=
    2    -1
   -2    -1
    0     2
    1     2
   -1    -2
   -2    -1

r3_lp16_493=
    2     2
   -1    -2
   -1     1
    0     1
    2    -1
   -2    -2

r3_lp16_494=
    2     2
   -1    -2
    0     0
    1     2
   -1    -3

r3_lp16_495=
    2    -1
   -2    -2
   -1     2
    1     2
   -1    -2
   -2    -1

r3_lp16_496=
    2     2
   -1    -2
   -2     0
    0     1
    2    -1
   -2    -2

r3_lp16_497=
    2     2
   -1    -2
    0     1
    0     1
    2     0
   -3    -2

r3_lp16_498=
    2     2
   -1    -2
   -1     0
    0     1
    2     0
   -2    -3

r3_lp16_499=
    2    -1
   -2    -2
    1     2
    1     2
    0    -1
   -2    -1

r3_lp16_500=
    2    -1
   -2    -2
    0     3
    1     2
    0    -1
   -2     0

r3_lp16_501=
    2     2
   -1    -2
   -2     0
    1     0
    1     2
    0    -1
   -2    -2

r3_lp16_502=
    2    -1
   -2    -2
   -1     2
    1     2
    0    -1
   -2    -1

r3_lp16_503=
    2     2
   -1    -2
   -2    -1
    0     0
    1     2
    0    -1
   -2    -2

r3_lp16_504=
    2    -1
   -2    -1
    0     3
    1     2
    1    -2
   -2     0

r3_lp16_505=
    2    -1
   -2    -1
    0     2
    1     2
    1    -2
   -2    -1

r3_lp16_506=
    2    -1
   -2    -2
    0     3
    1     2
    1     0
   -2     0

r3_lp16_507=
    2     2
   -1    -2
   -2     0
    1     0
    1     2
    1     0
   -2    -2

r3_lp16_508=
    2     2
   -1    -2
   -2     0
    0     1
    2     1
    0    -3

r3_lp16_509=
    2     2
   -1    -2
   -2    -1
    0     0
    1     2
    1     0
   -2    -2

r3_lp16_510=
    2     2
   -1    -3
    0     0
    1     2
    0    -2

r3_lp16_511=
    2     2
   -1    -2
   -2    -1
    0     0
    1     2
    2     1
   -2    -2

r3_lp16_512=
    0    -2
   -2     0
    2     3
    2     0
   -1    -2
   -1     0

r3_lp16_513=
    0    -3
    0     2
    2     2
    0    -2
   -1     1

r3_lp16_514=
    0    -3
    0     1
    2     2
    2     0
   -2    -2
    0     1
