r3_lp22_1=
    2    -1
   -2    -3
   -2     0
    2     0
    2     2
    0    -2
   -3    -2

r3_lp22_2=
    1    -2
   -3    -2
    0     2
    2     1
    2     0
   -2    -3
   -2     0

r3_lp22_3=
    1    -1
   -3    -2
    0     2
    2     1
    2     0
   -2    -3
   -2     0

r3_lp22_4=
    1    -1
   -2    -2
    0     2
    2     1
    2     2
   -2    -3
   -2     0

r3_lp22_5=
    1    -1
   -2    -3
    0     2
    2     1
    2     2
    0    -3
   -2     0

r3_lp22_6=
    1    -1
   -2    -3
   -2     2
    2     1
    2     2
    0    -2
   -2     0

r3_lp22_7=
    1    -1
   -2    -3
   -2     0
    2     2
    1     2
    2     0
   -2    -3
   -1     0

r3_lp22_8=
    1    -1
   -2    -3
   -2     0
    2     2
    1     2
    2     0
   -2    -3
   -2    -1

r3_lp22_9=
    3    -2
   -3    -2
    0     2
    0     2
    0    -2
   -3    -2

r3_lp22_10=
    1    -2
   -3    -2
    0     2
    3     1
    1     0
   -2    -3
   -2     0

r3_lp22_11=
    1    -2
   -2     0
    2     3
    1     2
   -2    -3
   -2     0

r3_lp22_12=
    1    -2
   -3     0
    2     3
    1     2
    0    -3
   -2     0

r3_lp22_13=
    1    -2
   -3    -2
    2     3
    1     2
    0    -2
   -2     0

r3_lp22_14=
    1    -2
   -3    -2
    0     3
    1     2
    0    -2
   -3     0

r3_lp22_15=
    3    -1
   -2    -2
    0     2
    0     2
    1    -2
   -3    -2

r3_lp22_16=
    3    -1
   -3     0
    2     0
    2     0
   -3    -2

r3_lp22_17=
    3    -1
   -3    -2
    2     0
    2     0
   -2    -2

r3_lp22_18=
    3    -1
   -3    -2
    0     0
    2     0
   -2    -3

r3_lp22_19=
    3    -1
   -2    -2
    0     2
    0     2
    2    -1
   -3    -2

r3_lp22_20=
    3    -1
   -2    -2
    2     0
    2     2
   -2    -2

r3_lp22_21=
    3    -1
   -2    -2
    0     0
    2     2
   -2    -3

r3_lp22_22=
    3    -1
   -2    -3
   -1     2
    0     2
    2     0
   -2    -2

r3_lp22_23=
    3    -1
   -2    -3
    0     0
    2     2
    0    -3

r3_lp22_24=
    3    -1
   -2    -3
   -2     1
    0     2
    2     0
   -2    -2

r3_lp22_25=
    2    -2
   -2     0
    2     3
    1     1
   -2    -3
   -2     0

r3_lp22_26=
    2    -2
   -3     0
    2     3
    1     1
    0    -3
   -2     0

r3_lp22_27=
    2    -2
   -3    -2
    2     3
    1     1
    0    -2
   -2     0

r3_lp22_28=
    2    -2
   -2     0
    2     3
    1     2
   -1    -3
   -2     0

r3_lp22_29=
    2    -2
   -2     2
    3     1
    2    -2
   -2     0

r3_lp22_30=
    2    -2
   -2     0
    3     1
    2    -2
   -3     0

r3_lp22_31=
    2    -2
   -2     0
    2     1
    2    -2
   -3    -2

r3_lp22_32=
    2    -2
   -3    -1
    2     3
    1     2
    0    -2
   -2     0

r3_lp22_33=
    2    -2
   -3     0
    3     1
    2     0
   -3     0

r3_lp22_34=
    2    -2
   -3     0
    2     1
    2     0
   -3    -2

r3_lp22_35=
    2    -2
   -3    -2
    1     3
    1     2
    0    -2
   -2     0

r3_lp22_36=
    2    -2
   -3    -2
    2     1
    2     0
   -2    -2

r3_lp22_37=
    2    -2
   -3    -2
    0     2
    1     2
    0    -2
   -3    -1

r3_lp22_38=
    2    -1
   -2    -2
    0     2
    3     1
    2     0
   -2    -3
   -2     0

r3_lp22_39=
    2    -1
   -2    -2
    0     2
    3     1
    2     1
   -1    -3
   -2     0

r3_lp22_40=
    2    -1
   -2    -2
    2     3
    1     2
    1    -2
   -2     0

r3_lp22_41=
    2    -1
   -2    -2
    0     3
    1     2
    1    -2
   -3     0

r3_lp22_42=
    2    -1
   -2    -2
    0     2
    1     2
    1    -2
   -3    -2

r3_lp22_43=
    2    -1
   -3    -1
    2     3
    1     2
    0    -2
   -2     0

r3_lp22_44=
    2    -1
   -3     0
    3     1
    2     0
   -3     0

r3_lp22_45=
    2    -1
   -3     0
    2     1
    2     0
   -3    -2

r3_lp22_46=
    2    -1
   -3    -2
    1     3
    1     2
    0    -2
   -2     0

r3_lp22_47=
    2    -1
   -3    -2
    2     1
    2     0
   -2    -2

r3_lp22_48=
    2    -1
   -3    -2
    0     2
    1     2
    0    -2
   -3    -1

r3_lp22_49=
    2    -1
   -2    -2
   -1     0
    2     3
    1     2
    2     0
   -2    -3
   -2     0

r3_lp22_50=
    2    -1
   -2    -2
   -1     2
    3     1
    2     2
   -1    -2
   -2     0

r3_lp22_51=
    2    -1
   -2    -2
    0     3
    1     2
    2    -1
   -3     0

r3_lp22_52=
    2    -1
   -2    -2
    0     2
    1     2
    2    -1
   -3    -2

r3_lp22_53=
    2    -1
   -2    -2
    1     3
    1     2
    2    -2
   -2     0

r3_lp22_54=
    2    -1
   -2    -2
    2     1
    2     2
   -2    -2

r3_lp22_55=
    2    -1
   -2    -2
    0     2
    1     2
    2    -2
   -3    -1

r3_lp22_56=
    2    -1
   -2    -3
   -2     0
    2     3
    1     2
    2     0
   -1    -2
   -2     0

r3_lp22_57=
    2    -1
   -2    -3
   -1     1
    3     1
    2     2
    0    -2
   -2     0

r3_lp22_58=
    2    -1
   -2    -3
   -1     2
    1     2
    2     0
   -2    -2

r3_lp22_59=
    2    -1
   -2    -3
    0     2
    1     2
    2     0
   -3    -1

r3_lp22_60=
    2    -1
   -2    -3
   -2     0
    2     3
    1     2
    2     0
   -2    -2
   -1     0

r3_lp22_61=
    2    -1
   -2    -3
   -2     1
    2     1
    2     2
    0    -2
   -2    -1

r3_lp22_62=
    2     2
   -1    -2
   -3    -2
    0     1
    0     1
    2     2
    0    -2
   -3    -2

r3_lp22_63=
    0    -2
   -2     0
    2     3
    2     2
    0    -2
   -3    -2
    0     1

r3_lp22_64=
    0    -3
    0     2
    3     2
    2     0
   -3    -2
    0     1

r3_lp22_65=
    0    -3
   -2     2
    3     2
    2     0
   -2    -2
    0     1

r3_lp22_66=
    0    -3
   -2     0
    3     2
    2     0
   -2    -3
    0     1

r3_lp22_67=
    0    -3
   -2     0
    2     2
    2     0
   -2    -3
   -2     1

r3_lp22_68=
    0    -3
   -2     0
    2     3
    2     0
   -2    -3
   -2     0

r3_lp22_69=
    0    -2
   -2     0
    2     3
    2     2
    1    -1
   -3    -2
    0     1

r3_lp22_70=
    0    -2
   -2     2
    3     2
    2     1
   -2    -2
    0     1

r3_lp22_71=
    0    -2
   -2     0
    3     2
    2     1
   -2    -3
    0     1

r3_lp22_72=
    0    -2
   -2     0
    2     2
    2     1
   -2    -3
   -2     1

r3_lp22_73=
    0    -2
   -3    -1
    2     3
    2     2
    1     0
   -2    -2
    0     1

r3_lp22_74=
    0    -2
   -3     0
    3     2
    2     1
    0    -3
    0     1

r3_lp22_75=
    0    -1
   -2    -2
    0     2
    3     2
    2     2
    0    -1
   -3    -2
    0     1

r3_lp22_76=
    0    -1
   -2    -2
    2     3
    2     2
    2     0
   -2    -2
    0     1

r3_lp22_77=
    0    -1
   -2    -2
    0     3
    2     2
    2     0
   -2    -3
    0     1

r3_lp22_78=
    0    -1
   -2    -2
    0     2
    2     2
    2     0
   -2    -3
   -2     1

r3_lp22_79=
    0    -1
   -2    -2
    0     2
    3     2
    2     0
   -2    -3
   -2     0

r3_lp22_80=
    0    -1
   -2    -2
   -1     0
    2     3
    2     2
    2     1
    0    -2
   -3    -2
    0     1

r3_lp22_81=
    0    -1
   -2    -2
   -1     2
    3     2
    2     2
    1    -1
   -2    -2
    0     1

r3_lp22_82=
    0    -1
   -2    -2
    0     3
    2     2
    2     1
   -1    -3
    0     1

r3_lp22_83=
    0    -1
   -2    -2
    0     2
    2     2
    2     1
   -1    -3
   -2     1

r3_lp22_84=
    0    -1
   -2    -2
    0     2
    3     2
    2     1
   -1    -3
   -2     0

r3_lp22_85=
    0    -1
   -2    -2
    1     3
    2     2
    2     1
   -2    -2
    0     1

r3_lp22_86=
    0    -1
   -2    -2
    2     2
    2     2
    1    -2
   -2     1

r3_lp22_87=
    0    -1
   -2    -2
    2     3
    2     2
    1    -2
   -2     0

r3_lp22_88=
    0    -1
   -2    -2
    0     2
    2     2
    2     1
   -2    -3
   -1     1

r3_lp22_89=
    0    -1
   -2    -2
    0     3
    2     2
    1    -2
   -3     0

r3_lp22_90=
    0    -1
   -2    -2
    0     2
    2     2
    2     1
   -2    -3
   -2     0

r3_lp22_91=
    0    -1
   -3    -2
    0     2
    3     2
    2     2
    0    -1
   -2    -2
    0     1

r3_lp22_92=
    0    -1
   -3    -1
    1     3
    2     2
    2     0
   -2    -2
    0     1

r3_lp22_93=
    0    -1
   -3    -1
    2     2
    2     2
    0    -2
   -2     1

r3_lp22_94=
    0    -1
   -3    -1
    2     3
    2     2
    0    -2
   -2     0

r3_lp22_95=
    0    -1
   -3     0
    2     2
    2     2
    0    -3
   -1     1

r3_lp22_96=
    0    -1
   -3     0
    3     2
    2     0
   -3     0

r3_lp22_97=
    0    -1
   -3     0
    2     2
    2     2
    0    -3
   -2     0

r3_lp22_98=
    0    -1
   -3    -2
    0     2
    3     2
    2     2
    0    -2
   -2    -1
    0     1

r3_lp22_99=
    0    -1
   -3    -2
    1     2
    2     2
    2     0
   -2    -2
   -1     1

r3_lp22_100=
    0    -1
   -3    -2
    1     3
    2     2
    0    -2
   -2     0

r3_lp22_101=
    0    -1
   -3    -2
    2     2
    2     2
    0    -2
   -2     0

r3_lp22_102=
    0    -1
   -3    -2
    0     2
    2     2
    2     0
   -2    -3
   -1     0

r3_lp22_103=
    0    -2
   -2     0
    2     3
    2     2
    2     0
   -3    -2
    0     1

r3_lp22_104=
    0    -2
   -2    -1
    2     3
    2     2
    2     0
   -2    -2
    0     1

r3_lp22_105=
    0    -2
   -2    -1
    0     3
    2     2
    2     0
   -2    -3
    0     1

r3_lp22_106=
    0    -2
   -2     0
    2     3
    2     2
    2    -1
   -2    -2
    0     1

r3_lp22_107=
    0    -2
   -2    -1
    1     3
    2     2
    2    -1
   -2    -2
    0     1

r3_lp22_108=
    0    -2
   -2    -1
    2     2
    2     2
   -1    -2
   -2     1

r3_lp22_109=
    0    -2
   -2    -1
    2     3
    2     2
   -1    -2
   -2     0

r3_lp22_110=
    0    -2
   -2     0
    2     2
    2     2
   -1    -3
   -1     1

r3_lp22_111=
    0    -2
   -2     0
    3     2
    2    -1
   -3     0

r3_lp22_112=
    0    -2
   -2     0
    2     2
    2     2
   -1    -3
   -2     0

r3_lp22_113=
    0    -2
   -2     0
    2     3
    2     2
    2    -2
   -2    -1
    0     1

r3_lp22_114=
    0    -2
   -2     1
    2     2
    2     2
   -2    -2
   -1     1

r3_lp22_115=
    0    -2
   -2     1
    3     2
    2    -2
   -2     0

r3_lp22_116=
    0    -2
   -2     2
    2     2
    2    -2
   -2     0

r3_lp22_117=
    0    -2
   -3     0
    2     3
    2     2
    2     0
   -2    -2
    0     1

r3_lp22_118=
    0    -2
   -3    -1
    1     2
    2     2
    2     0
   -2    -2
   -1     1

r3_lp22_119=
    0    -2
   -3    -1
    1     3
    2     2
    0    -2
   -2     0

r3_lp22_120=
    0    -2
   -3    -2
    0     3
    2     2
    2     0
   -2    -2
    0     1

r3_lp22_121=
    0    -2
   -3    -2
    0     2
    2     2
    2     0
   -2    -2
   -1     1

r3_lp22_122=
    1    -1
   -2    -2
   -1     1
    3     2
    2     1
   -1    -2
   -2     0

r3_lp22_123=
    1    -1
   -2    -2
   -1     2
    2     2
    2     1
   -1    -2
   -2     1
