r3_lp14_1=
    0    -2
   -3    -2
    2     0
    1     0
   -2    -2

r3_lp14_2=
   -1    -3
   -2     2
    1     0
   -2    -2

r3_lp14_3=
   -1    -2
   -2     2
    1     1
   -2    -2

r3_lp14_4=
   -1    -2
   -3    -1
    2     1
    1     0
   -2    -2

r3_lp14_5=
   -1    -2
   -3    -2
    1     1
    1     1
    0    -2
   -2    -1

r3_lp14_6=
    0     2
   -2    -3
   -2    -2
   -2     2
    0    -1

r3_lp14_7=
    1    -2
   -3    -1
    1    -1
    2     0
   -2    -2

r3_lp14_8=
    0    -2
   -3    -2
    1     0
    2     0
   -2    -2

r3_lp14_9=
    0     1
   -2    -3
   -2    -2
   -1     2
    0    -2

r3_lp14_10=
    0    -3
   -2     2
    2     0
    0    -2
   -2    -1

r3_lp14_11=
   -2    -2
    2     2
    1    -2
   -2    -1

r3_lp14_12=
   -1     2
    2    -2
   -3    -2
   -2    -1
    1     0

r3_lp14_13=
    1     2
   -2    -3
   -2    -2
   -1     1
    0    -2

r3_lp14_14=
   -1    -2
   -2     2
    2     1
    0    -2
   -2    -1

r3_lp14_15=
   -1    -3
   -1     2
    2     1
    0    -2
   -2    -1

r3_lp14_16=
   -1    -3
   -2     1
    2     1
    0    -2
   -2    -1

r3_lp14_17=
   -1    -2
   -2    -1
    2     2
    1     1
   -1    -2
   -2    -1

r3_lp14_18=
   -1    -2
   -2     1
    2     1
    1    -2
   -2    -1

r3_lp14_19=
    0     2
    2    -1
   -2    -3
   -2    -2
   -2    -1
    1     1
    0    -1

r3_lp14_20=
   -1    -2
   -3    -1
    1     2
    1     1
    0    -2
   -2    -1

r3_lp14_21=
    0     2
   -1    -2
   -3    -2
   -2    -1
    1     1
    0    -2

r3_lp14_22=
    0     2
    2    -2
   -2    -2
   -2    -1
    2    -1

r3_lp14_23=
    1     2
   -2    -2
   -1    -2
   -1     2
   -1    -2

r3_lp14_24=
   -1     2
    2    -2
   -2    -2
   -2    -1
    2     0

r3_lp14_25=
    0     2
   -2    -2
   -2    -1
    2    -2

r3_lp14_26=
    1     2
    2    -2
   -3    -2
   -2    -2
   -1     2
    0    -1

r3_lp14_27=
    0     1
    2    -2
   -3    -2
   -2    -2
   -1     2
    0    -1

r3_lp14_28=
    0     2
    2    -2
   -3    -2
   -2    -1
    2     0

r3_lp14_29=
    0     2
   -2    -3
   -1    -2
   -1     2
    0    -2

r3_lp14_30=
   -1     2
   -2    -3
   -2    -2
   -1     2
    0    -2

r3_lp14_31=
    1    -2
   -2     2
    2     0
    0    -2
   -2    -1

r3_lp14_32=
    1    -3
   -2     2
    0     0
   -2    -2

r3_lp14_33=
    1    -2
   -2    -1
    2     2
    0     1
   -1    -2
   -2    -1

r3_lp14_34=
    1    -2
   -2     1
    2     0
    1    -2
   -2    -1

r3_lp14_35=
    1    -2
   -3    -2
    0     2
    2     0
    1     0
   -1    -2
   -2    -1

r3_lp14_36=
    1    -2
   -3    -1
    1     2
    0     1
    0    -2
   -2    -1

r3_lp14_37=
    1    -2
   -3    -1
    2     0
    1     0
   -2    -2

r3_lp14_38=
    1    -2
   -3    -2
    0     2
    0     1
    0    -2
   -2    -1

r3_lp14_39=
    1    -2
   -3    -2
    1     0
    1     0
   -2    -2

r3_lp14_40=
    1    -1
   -2    -2
    2     2
    0     1
   -1    -2
   -2    -1

r3_lp14_41=
    1    -1
   -2    -2
   -1     2
    2     0
    1     0
   -1    -2
   -2    -1

r3_lp14_42=
    1    -1
   -2    -2
    1     2
    0     1
    0    -2
   -2    -1

r3_lp14_43=
    1    -1
   -3    -2
    0     2
    2     0
    1     0
   -1    -2
   -2    -1

r3_lp14_44=
    1    -1
   -3    -1
    1     2
    0     1
    0    -2
   -2    -1

r3_lp14_45=
    1    -1
   -3    -2
    0     2
    0     1
    0    -2
   -2    -1

r3_lp14_46=
    1    -1
   -2    -2
   -1     2
    2     0
    1     1
    0    -2
   -2    -1

r3_lp14_47=
    1    -1
   -2    -2
    0     2
    2     0
    1     1
   -1    -2
   -2    -1

r3_lp14_48=
    1    -1
   -2    -2
   -1     1
    2     0
    1     1
   -1    -2
   -2    -1

r3_lp14_49=
    1    -1
   -2    -2
    0     2
    0     1
    1    -2
   -2    -1

r3_lp14_50=
    1    -1
   -2    -3
    0     2
    2     0
    1     1
    0    -2
   -2    -1

r3_lp14_51=
    1    -1
   -2    -3
   -2     1
    2     2
    0     1
    1     0
   -1    -2
   -2    -1

r3_lp14_52=
    1    -1
   -2    -3
   -2     0
    1     2
    0     1
    1     0
   -1    -2
   -2    -1

r3_lp14_53=
    1    -1
   -2    -3
   -2     0
    2     0
    1     1
    0    -1
   -2    -2

r3_lp14_54=
    1    -1
   -2    -3
   -1     0
    2     0
    1     1
    0    -2
   -2    -1

r3_lp14_55=
    1    -1
   -2    -3
   -1     1
    0     1
    1     0
   -2    -2

r3_lp14_56=
    1    -1
   -2    -3
   -2    -1
    2     0
    1     1
    0    -2
   -2    -1

r3_lp14_57=
    1    -2
   -2    -1
    2     2
    0     2
    1    -2
   -2    -1

r3_lp14_58=
    1    -2
   -2     0
    2     2
    0     2
    0    -2
   -2    -1

r3_lp14_59=
    1    -2
   -2    -1
    1     2
    0     2
    0    -2
   -2    -1

r3_lp14_60=
    1    -2
   -2     1
    2     2
    0     2
   -1    -2
   -2    -1

r3_lp14_61=
    1    -2
   -2     0
    1     2
    0     2
   -1    -2
   -2    -1

r3_lp14_62=
    1    -2
   -2    -1
    2     0
    2    -2
   -2    -1

r3_lp14_63=
    1    -2
   -3     1
    2     2
    0     2
    0    -2
   -2    -1

r3_lp14_64=
    1    -2
   -3     0
    1     2
    0     2
    0    -2
   -2    -1

r3_lp14_65=
    1    -2
   -3     0
    2     0
    2     0
   -2    -2

r3_lp14_66=
    1    -2
   -3    -2
    2     2
    0     2
    0    -1
   -2    -1

r3_lp14_67=
    1    -2
   -3    -2
    1     2
    0     2
    0    -1
   -2    -1

r3_lp14_68=
    1    -2
   -3    -2
    1     2
    0     2
    0    -1
   -2    -2

r3_lp14_69=
    1    -2
   -3    -2
    0     2
    0     2
    0    -1
   -2    -1

r3_lp14_70=
    1    -2
   -3    -2
    0     1
    0     2
    0    -1
   -2    -2

r3_lp14_71=
    1    -2
   -3    -1
    2     0
    2     0
   -2    -1

r3_lp14_72=
    1    -2
   -3    -2
    2     0
    2     0
   -2    -1

r3_lp14_73=
    0    -2
   -2     2
    2     1
   -1    -2
   -2    -1

r3_lp14_74=
    0    -2
   -2     2
    1     1
    0    -2
   -2     0

r3_lp14_75=
    0    -3
   -2     0
    2     2
    1     0
   -1    -2
   -2    -1

r3_lp14_76=
    0    -3
   -1     1
    2     1
    0    -2
   -2    -1

r3_lp14_77=
    0    -3
   -1     2
    1     1
    0    -2
   -2     0

r3_lp14_78=
    0    -3
   -2     0
    2     1
    0    -2
   -2    -1

r3_lp14_79=
    0    -3
   -2     1
    1     1
    0    -2
   -2     0

r3_lp14_80=
    0    -3
   -2     2
    1     0
   -2    -2

r3_lp14_81=
    0    -1
   -2     2
    2     1
    1    -2
   -2    -1

r3_lp14_82=
    0    -1
   -2    -2
    1     2
    1     1
   -1    -2
   -2    -1

r3_lp14_83=
    0    -1
   -2    -2
    2     1
    1     1
   -1    -2
   -2     0

r3_lp14_84=
    0    -1
   -2    -2
    0     2
    1     1
    0    -2
   -2    -1

r3_lp14_85=
    0    -1
   -2    -2
    1     1
    1     1
    0    -2
   -2     0

r3_lp14_86=
    0    -1
   -3     0
    2     2
    1     1
    0    -2
   -2    -1

r3_lp14_87=
    0    -1
   -3    -2
    1     2
    2     1
    1     0
   -1    -2
   -2    -1

r3_lp14_88=
    0    -1
   -3    -2
    0     2
    1     1
    1     0
   -1    -2
   -2     0

r3_lp14_89=
    0    -1
   -3    -1
    0     2
    1     1
    0    -2
   -2    -1

r3_lp14_90=
    0    -1
   -3    -1
    2     1
    1     0
   -2    -2

r3_lp14_91=
    0    -1
   -3    -2
   -1     2
    1     1
    0    -2
   -2    -1

r3_lp14_92=
    0    -1
   -3    -2
    1     1
    1     1
    0    -2
   -2    -1

r3_lp14_93=
    0    -2
   -2     0
    2     2
    1     1
    0    -2
   -2    -1

r3_lp14_94=
    0    -2
   -2    -1
    1     2
    1     1
    0    -2
   -2    -1

r3_lp14_95=
    0    -2
   -2    -1
    2     1
    1     1
    0    -2
   -2     0

r3_lp14_96=
    0    -2
   -2    -1
    2     1
    1    -2
   -2    -1

r3_lp14_97=
    0    -2
   -3     0
    2     1
    1     1
    0    -2
   -2     0

r3_lp14_98=
    0    -2
   -3    -2
    2     2
    1     1
    0    -1
   -2    -1

r3_lp14_99=
    0    -2
   -3    -2
    1     2
    1     1
    1     0
   -1    -2
   -2     0

r3_lp14_100=
    0    -2
   -3    -2
    0     2
    1     1
    0    -1
   -2    -2

r3_lp14_101=
    0    -2
   -3    -2
    2     1
    1     0
   -2    -1

r3_lp14_102=
    0    -2
   -3    -2
    0     1
    1     1
    0    -2
   -2     0

r3_lp14_103=
    0    -2
   -3    -2
    0     1
    1     1
    0    -2
   -2    -1

r3_lp14_104=
    0    -2
   -3    -2
    1     1
    1     0
   -2    -2

r3_lp14_105=
    0    -2
   -2     2
    1     2
   -2    -1

r3_lp14_106=
    0    -2
   -3    -1
    2     2
    1     2
    0    -1
   -2    -1

r3_lp14_107=
    0    -2
   -3     1
    2     1
    2     0
   -2    -1

r3_lp14_108=
    0    -2
   -3     1
    2     1
    1     2
    0    -2
   -2     0

r3_lp14_109=
    0    -2
   -3     0
    2     1
    2     0
   -2    -1

r3_lp14_110=
    0    -2
   -3     0
    1     1
    1     2
    0    -2
   -2     0

r3_lp14_111=
    0    -2
   -3     0
    2     1
    2     0
   -2    -2

r3_lp14_112=
    0    -2
   -3    -2
    2     1
    1     2
    0    -1
   -2     0

r3_lp14_113=
    0    -2
   -3    -2
    1     1
    1     2
    0    -1
   -2     0

r3_lp14_114=
    0    -2
   -3    -2
    1     2
    1     2
    0    -1
   -2    -2

r3_lp14_115=
    0    -2
   -3    -2
    0     1
    1     1
    2     0
   -1    -2
   -1     0

r3_lp14_116=
    0    -2
   -3    -2
    0     1
    1     1
    2     0
   -1    -2
   -2    -1

r3_lp14_117=
    0    -2
   -3    -1
    1     1
    1     2
    0    -2
   -1     0

r3_lp14_118=
    0    -2
   -3    -1
    0     1
    1     2
    0    -2
   -2     0

r3_lp14_119=
    0    -2
   -3    -1
    0     1
    1     2
    0    -2
   -2    -1

r3_lp14_120=
    0    -2
   -3    -1
    1     1
    2     0
   -2    -2

r3_lp14_121=
    0    -2
   -3    -2
    1     1
    1     2
    0    -2
   -1     0

r3_lp14_122=
    0    -2
   -3    -2
   -1     1
    1     2
    0    -2
   -2     0

r3_lp14_123=
    0    -2
   -3    -2
   -1     1
    1     2
    0    -2
   -2    -1

r3_lp14_124=
   -1    -2
    1     2
    2    -2
   -2    -1

r3_lp14_125=
    0     2
   -1    -2
   -2    -2
   -1     2
   -1    -2

r3_lp14_126=
   -1     2
    2    -1
   -3    -1
   -2    -1
    2     0

r3_lp14_127=
   -1    -3
    1     2
    2     0
   -2    -1

r3_lp14_128=
    1    -1
   -3     1
    2     0
    2     0
   -2    -2

r3_lp14_129=
    1    -1
   -3    -2
    2     0
    2     0
   -1    -2

r3_lp14_130=
    1    -1
   -3    -2
    1     0
    2     0
   -1    -2

r3_lp14_131=
    0    -1
   -3    -2
    1     2
    1     2
    0    -1
   -2    -2

r3_lp14_132=
    1    -1
   -3    -2
    0     1
    0     2
    0    -1
   -2    -1

r3_lp14_133=
    0     2
   -1    -3
   -2    -1
    2     0

r3_lp14_134=
    0    -1
   -3    -2
    0     1
    1     1
    2     0
   -1    -2
   -2    -1

r3_lp14_135=
    1    -1
   -3     0
    1     0
    2     0
   -2    -2

r3_lp14_136=
    0     2
   -1    -3
   -2    -2
   -2     2
    0    -1

r3_lp14_137=
    0    -1
   -3     0
    2     1
    2     0
   -2    -2

r3_lp14_138=
    1    -1
   -3    -1
    1     0
    2     0
   -2    -1

r3_lp14_139=
    1    -1
   -3    -2
    1     0
    2     0
   -2    -1

r3_lp14_140=
    0    -1
   -3    -2
   -1     1
    1     2
    0    -2
   -2    -1

r3_lp14_141=
   -1    -2
   -3     2
    2     2
    2     0
   -2    -1

r3_lp14_142=
    1    -1
   -2    -3
   -1     2
    0     2
    2     0
   -1    -2

r3_lp14_143=
    0    -1
   -2    -3
    1     2
    1     2
    2     0
   -2    -2

r3_lp14_144=
    0    -1
   -2    -3
   -2     2
    1     2
    2     0
   -1    -2

r3_lp14_145=
    0    -1
   -2    -3
   -2     1
    1     1
    2     2
    0    -1
   -2    -1

r3_lp14_146=
   -1    -2
   -3    -2
    1     2
    2     2
    0    -1
   -2    -2

r3_lp14_147=
    0    -1
   -2    -3
   -2     0
    1     1
    2     2
    0    -1
   -2    -1

r3_lp14_148=
    0    -1
   -2    -3
    0     1
    1     1
    2     2
    0    -2
   -2    -1

r3_lp14_149=
    0    -1
   -2    -3
   -2     0
    1     1
    2     2
    0    -1
   -2    -2

r3_lp14_150=
    0     2
   -1    -2
   -3    -2
   -2     2
    2     0

r3_lp14_151=
    0    -1
   -2    -3
   -2     1
    1     2
    2     0
   -2    -1

r3_lp14_152=
    0     1
   -2    -3
   -3    -1
    2     0

r3_lp14_153=
    0     1
   -1    -2
   -3    -2
   -3    -2
    1     2
    0    -2

r3_lp14_154=
    0    -1
   -2    -3
   -2     0
    1     0
    1     1
    0    -2
   -3    -2

r3_lp14_155=
    0    -3
   -2     0
    1     1
    1     0
   -2    -3
   -2    -1

r3_lp14_156=
    1    -2
   -3     0
    0     2
    0    -3

r3_lp14_157=
    0    -3
   -2     0
    1     1
    1     0
   -2    -3
   -1     0

r3_lp14_158=
    2    -3
   -2     0
    2     0
    0    -1
   -2    -2

r3_lp14_159=
    2    -3
    0     1
    0     0
   -3    -2

r3_lp14_160=
    2    -3
   -2     0
    2     0
    0    -2
   -2    -1

r3_lp14_161=
    2    -3
   -2     1
    0     0
   -2    -2

r3_lp14_162=
    2    -3
   -2     0
    0     0
   -2    -3

r3_lp14_163=
    2    -2
   -1     0
    2     0
    1    -2
   -3    -2

r3_lp14_164=
    2    -2
   -2    -1
    0     2
    0     1
    0    -2
   -3    -1

r3_lp14_165=
    2    -2
   -2     0
    1     0
    1    -1
   -3    -2

r3_lp14_166=
    2    -2
   -2     0
    2     0
    1    -2
   -2    -1

r3_lp14_167=
    2    -2
   -2     1
    0     1
   -2    -2

r3_lp14_168=
    2    -2
   -2     0
    0     1
   -2    -3

r3_lp14_169=
    2    -2
   -3     0
    2     0
    1     0
   -2    -2

r3_lp14_170=
    2    -2
   -3    -2
    1     2
    0     1
    0    -1
   -2    -2

r3_lp14_171=
    2    -2
   -3    -2
    0     1
    2     0
    1     0
   -1    -2
   -2    -1

r3_lp14_172=
    2    -2
   -3    -1
    0     2
    0     1
    0    -2
   -2    -1

r3_lp14_173=
    2    -2
   -3    -1
    1     0
    1     0
   -2    -2

r3_lp14_174=
    2    -2
   -3     0
    0     1
    0    -3

r3_lp14_175=
    2    -2
   -3    -2
   -1     2
    0     1
    0    -2
   -2    -1

r3_lp14_176=
    2    -2
   -3    -2
    0     0
    1     0
   -2    -2

r3_lp14_177=
    2    -1
   -1     0
    2     0
    1    -2
   -3    -2

r3_lp14_178=
    2    -1
   -2     2
    0     1
   -2    -2

r3_lp14_179=
    2    -1
   -2     0
    2     0
    1    -2
   -3    -1

r3_lp14_180=
    2    -1
   -2    -2
    1     2
    0     1
   -1    -2
   -2    -1

r3_lp14_181=
    2    -1
   -2    -2
    0     1
    0     1
   -1    -2
   -3    -2

r3_lp14_182=
    2    -1
   -2    -1
    0     2
    0     1
    0    -2
   -3    -1

r3_lp14_183=
    2    -1
   -2    -2
    0     1
    0     1
    0    -1
   -3    -2

r3_lp14_184=
    2    -1
   -3     0
    2     0
    1     0
   -2    -2

r3_lp14_185=
    2    -1
   -3    -2
    1     2
    0     1
    0    -1
   -2    -2

r3_lp14_186=
    2    -1
   -3    -2
    0     1
    2     0
    1     0
   -1    -2
   -2    -1

r3_lp14_187=
    2    -1
   -3     0
    0     1
    0    -3

r3_lp14_188=
    2    -1
   -3    -2
   -1     2
    0     1
    0    -2
   -2    -1

r3_lp14_189=
    2    -1
   -2    -1
    0     2
    0     1
    1    -2
   -3    -1

r3_lp14_190=
    2    -1
   -2    -2
   -1     0
    1     0
    1     1
    0    -2
   -3    -2

r3_lp14_191=
    2    -1
   -2    -2
    0     0
    1     1
   -1    -3

r3_lp14_192=
    2    -1
   -2    -2
   -1     2
    0     1
    1    -2
   -2    -1

r3_lp14_193=
    2    -1
   -2    -3
    1     2
    0     1
    1     0
   -2    -2

r3_lp14_194=
    2    -1
   -2    -3
    0     1
    2     0
    1     1
    0    -2
   -2    -1

r3_lp14_195=
    2    -1
   -2    -3
   -2     2
    0     1
    1     0
   -1    -2

r3_lp14_196=
    2    -1
   -2    -3
   -2     1
    2     0
    1     1
    0    -1
   -2    -1

r3_lp14_197=
    2    -1
   -2    -3
   -2     0
    2     0
    1     1
    0    -1
   -2    -1

r3_lp14_198=
    2    -1
   -2    -3
   -2     0
    1     0
    1     1
    0    -1
   -2    -2

r3_lp14_199=
    2    -1
   -2    -3
   -1     2
    0     1
    1     0
   -2    -1

r3_lp14_200=
    2    -1
   -2    -3
   -1     0
    0     1
    1     0
   -2    -2

r3_lp14_201=
    2    -1
   -2    -3
   -2     2
    0     1
    1     0
   -2    -1

r3_lp14_202=
    2    -1
   -2    -3
   -2    -1
    1     0
    1     1
    0    -2
   -2    -1

r3_lp14_203=
    0    -3
    0     2
    1     0
   -3     0

r3_lp14_204=
    0    -3
   -2    -1
    2     2
    1     0
   -2    -2
   -1     0

r3_lp14_205=
    0    -1
   -2     1
    2     2
    1     1
   -2    -2
   -1     0

r3_lp14_206=
    0    -1
   -2     0
    1     2
    1     1
   -2    -3
   -2     0

r3_lp14_207=
    0    -1
   -2    -1
    0     1
    2     1
    1     0
   -2    -3
   -2     0

r3_lp14_208=
    0    -1
   -3    -2
    2     2
    1     1
    0    -2
   -1     0

r3_lp14_209=
    0    -2
   -1     0
    1     2
    1     1
   -2    -3
   -2     0

r3_lp14_210=
    0    -2
   -2    -1
    0     2
    1     1
    0    -2
   -3     0

r3_lp14_211=
    0    -2
   -3    -1
    2     2
    1     1
    0    -1
   -2     0

r3_lp14_212=
    0    -2
   -3     1
    2     2
    1     1
    0    -2
   -1     0

r3_lp14_213=
    0    -2
   -3     0
    2     2
    1     1
    0    -2
   -1     0

r3_lp14_214=
    0    -2
   -3     0
    1     2
    1     1
    0    -2
   -2     0

r3_lp14_215=
    0    -2
   -3    -2
    2     2
    1     1
    0    -1
   -1     0

r3_lp14_216=
    0    -2
   -3    -2
    1     2
    1     1
    0    -2
   -1     0

r3_lp14_217=
    0    -2
   -3    -2
   -1     2
    1     1
    0    -2
   -2     0

r3_lp14_218=
    2    -2
    0     2
    0     2
   -3    -2

r3_lp14_219=
    2    -2
   -1     0
    2     0
    2    -1
   -3    -1

r3_lp14_220=
    2    -2
   -1     0
    1     0
    2    -2
   -3    -2

r3_lp14_221=
    2    -2
   -2    -1
    0     0
    2     1
   -2    -3

r3_lp14_222=
    2    -2
   -2     1
    0     2
   -2    -1

r3_lp14_223=
    2    -2
   -2    -1
    0     2
   -2    -2

r3_lp14_224=
    2    -2
   -3     2
    0     2
    0    -2

r3_lp14_225=
    2    -2
   -3    -1
    2     0
    2     0
   -1    -1

r3_lp14_226=
    2    -2
   -3     1
    0     2
    0    -2

r3_lp14_227=
    2    -2
   -3     0
    0     2
    0    -2

r3_lp14_228=
    2    -2
   -3    -2
    1     0
    2     0
   -1    -1

r3_lp14_229=
    2    -2
   -3    -1
    0     2
    0    -2

r3_lp14_230=
    2    -2
   -3    -2
    0     2
    0    -2

r3_lp14_231=
    2    -1
   -1     0
    2     0
    2     0
   -3    -2

r3_lp14_232=
    2    -1
   -1     0
    2     0
    2    -1
   -3    -1

r3_lp14_233=
    2    -1
   -1     0
    1     0
    2    -2
   -3    -2

r3_lp14_234=
    2    -1
   -2     0
    2     0
    2    -2
   -2    -1

r3_lp14_235=
    2    -1
   -2     0
    0     2
   -2    -3

r3_lp14_236=
    2    -1
   -2     0
    0     2
   -1    -3

r3_lp14_237=
    2    -1
   -2    -2
   -1     2
    0     2
   -1    -2
   -2    -1

r3_lp14_238=
    2    -1
   -2     0
    1     0
    2     0
   -3    -2

r3_lp14_239=
    2    -1
   -2    -1
    0     0
    2     0
   -2    -3

r3_lp14_240=
    2    -1
   -2    -2
    2     0
    2     0
   -2    -1

r3_lp14_241=
    2    -1
   -2     0
    1     0
    2     1
   -3    -2

r3_lp14_242=
    2    -1
   -2    -1
    0     0
    2     1
   -2    -3

r3_lp14_243=
    2    -1
   -2    -2
    0     0
    2     1
    0    -3

r3_lp14_244=
    2    -1
   -2    -2
    1     0
    2     1
   -2    -1

r3_lp14_245=
    2    -1
   -2     0
    2     0
    2     2
   -3    -1

r3_lp14_246=
    2    -1
   -2    -1
    0     1
    0     2
    2    -1
   -3    -2

r3_lp14_247=
    2    -1
   -2    -1
    0     0
    2     2
   -2    -3

r3_lp14_248=
    2    -1
   -2    -2
    0     0
    2     2
    1    -3

r3_lp14_249=
    1    -3
    0     2
    2     1
    0    -2
   -2     0

r3_lp14_250=
    1    -3
   -2     1
    2     2
    1     0
   -1    -2
   -2     0

r3_lp14_251=
    1    -3
   -2     0
    1     2
    2     1
    0    -1
   -2    -2
   -1     0

r3_lp14_252=
    1    -3
   -2     0
    2     2
    1     0
   -1    -2
   -2    -1

r3_lp14_253=
    1    -3
   -1     0
    2     2
    1     0
   -2    -2
   -1     0

r3_lp14_254=
    1    -3
   -1     2
    1     0
   -2    -2

r3_lp14_255=
    1    -3
    0     2
    1     0
   -3     0

r3_lp14_256=
    1    -3
   -2    -1
    2     2
    1     0
   -2    -2
   -1     0

r3_lp14_257=
    1    -3
   -2     0
    2     1
    0    -2
   -2    -1

r3_lp14_258=
    1    -3
   -2     0
    1     1
    0    -2
   -3    -1

r3_lp14_259=
    0    -3
    1     2
    2     1
    1     0
   -2    -2
    0     1

r3_lp14_260=
    0    -3
    0     1
    2     2
    1     1
    0    -2
   -2    -1
    0     1

r3_lp14_261=
    0    -3
    0     2
    2     1
    1     0
   -2    -2
   -1     1

r3_lp14_262=
    0    -3
   -2     2
    2     1
    1     0
   -1    -2
    0     1

r3_lp14_263=
    0    -3
   -2     1
    2     2
    1     1
    0    -1
   -2    -1
    0     1

r3_lp14_264=
    0    -3
   -2     1
    2     2
    1     1
    0    -1
   -2    -2
   -1     1

r3_lp14_265=
    0    -3
   -2     0
    2     2
    1     1
    0    -1
   -2    -1
    0     1

r3_lp14_266=
    0    -3
   -2     0
    2     1
    1     0
   -1    -2
   -2     1

r3_lp14_267=
    0    -3
   -1     2
    2     1
    1     0
   -2    -1
    0     1

r3_lp14_268=
    0    -3
   -2     2
    2     1
    1     0
   -2    -1
    0     1

r3_lp14_269=
    0    -3
   -2    -1
    2     1
    1     0
   -2    -2
   -1     1

r3_lp14_270=
    0    -3
   -2     0
    1     1
    1     0
   -2    -3
    0     1

r3_lp14_271=
    1    -1
   -2     2
    1     1
   -2    -2

r3_lp14_272=
    1    -1
   -3    -1
    2     2
    1     1
    0    -1
   -2     0

r3_lp14_273=
    1    -1
   -3     1
    2     2
    1     1
    0    -2
   -1     0

r3_lp14_274=
    1    -1
   -3     1
    2     2
    1     1
    0    -2
   -2    -1

r3_lp14_275=
    1    -1
   -3     0
    2     2
    1     1
    0    -2
   -1     0

r3_lp14_276=
    1    -1
   -3    -2
    2     2
    1     1
    0    -1
   -1     0

r3_lp14_277=
    1    -1
   -3    -2
    2     2
    1     1
    0    -1
   -2    -1

r3_lp14_278=
    1    -1
   -3    -2
    1     2
    1     1
    0    -1
   -2    -2

r3_lp14_279=
    1    -2
   -3     2
    2     1
    1     0
   -2     0

r3_lp14_280=
    1    -2
   -3    -1
    2     2
    1     1
    0    -1
   -1     0

r3_lp14_281=
    1    -2
   -3    -1
    2     2
    1     1
    0    -1
   -2    -1

r3_lp14_282=
    1    -2
   -3    -2
    1     2
    1     1
    0    -1
   -1     0

r3_lp14_283=
    1    -2
   -3    -2
    2     1
    1     0
   -1    -2

r3_lp14_284=
    1    -2
   -1     0
    2     2
    1     2
   -2    -2
   -1     0

r3_lp14_285=
    1    -2
   -1     1
    2     1
    2    -2
   -2    -1

r3_lp14_286=
    1    -2
   -1     0
    2     1
    2    -2
   -3     0

r3_lp14_287=
    1    -2
   -2    -1
    2     2
    1     2
    1    -2
   -1     0

r3_lp14_288=
    1    -2
   -2    -1
    0     2
    1     2
    1    -2
   -2    -1

r3_lp14_289=
    1    -2
   -2    -1
    2     1
    2     0
   -2    -1

r3_lp14_290=
    1    -2
   -3     2
    2     1
    2     0
   -2    -1

r3_lp14_291=
    1    -1
   -1     0
    2     1
    2    -2
   -3     0

r3_lp14_292=
    1    -1
   -2    -1
    2     2
    1     2
   -2    -2
   -1     0

r3_lp14_293=
    1    -1
   -2     2
    2     1
    2    -1
   -2     0

r3_lp14_294=
    1    -1
   -2     1
    2     2
    1     2
   -1    -2
   -1     0

r3_lp14_295=
    1    -1
   -2     1
    2     2
    1     2
   -1    -2
   -2    -1

r3_lp14_296=
    1    -1
   -2    -1
    2     2
    1     2
   -1    -2
   -1     0

r3_lp14_297=
    1    -1
   -2    -2
    2     2
    1     2
   -1    -2
   -1     0

r3_lp14_298=
    1    -1
   -2    -2
    2     2
    1     2
    0    -1
   -2    -1

r3_lp14_299=
    1    -1
   -2     0
    2     1
    2     1
   -3     0

r3_lp14_300=
    1    -1
   -2    -1
    2     2
    1     2
    1    -2
   -1     0

r3_lp14_301=
    1    -1
   -2     0
    1     2
    1     2
    2    -3
   -2     0

r3_lp14_302=
    1    -1
   -2    -1
    2     2
    1     2
    2    -2
   -1     0

r3_lp14_303=
    3    -3
    0     2
    0     0
   -2    -2

r3_lp14_304=
    3    -3
   -2     1
    2     0
    0    -1
   -2    -2

r3_lp14_305=
    3    -3
   -2     0
    1     0
    0    -1
   -2    -2

r3_lp14_306=
    3    -2
    0     2
    0     1
   -3    -2

r3_lp14_307=
    3    -2
   -1     2
    0     1
   -2    -2

r3_lp14_308=
    3    -2
   -1     0
    0     1
   -2    -3

r3_lp14_309=
    3    -2
   -2     0
    0     1
    0    -3

r3_lp14_310=
    3    -2
   -2    -1
    1     0
    1     0
   -2    -2

r3_lp14_311=
    3    -2
   -2     1
    2     0
    1    -1
   -2    -2

r3_lp14_312=
    3    -2
   -2     0
    1     0
    1    -1
   -2    -2

r3_lp14_313=
    3    -2
   -2    -1
    0     2
    0     1
   -1    -2
   -2    -1

r3_lp14_314=
    3    -2
   -2    -1
    2     0
    1    -2
   -2    -1

r3_lp14_315=
    3    -2
   -2     0
    0     1
   -2    -2

r3_lp14_316=
    3    -2
   -3     1
    2     0
    1     0
   -2    -2

r3_lp14_317=
    3    -2
   -3     0
    1     0
    1     0
   -2    -2

r3_lp14_318=
    3    -2
   -3    -2
    2     0
    1     0
   -1    -2

r3_lp14_319=
    3    -2
   -3    -2
    1     0
    1     0
   -1    -2

r3_lp14_320=
    3    -2
   -3    -2
    0     2
    0     1
    0    -1
   -2    -1

r3_lp14_321=
    3    -2
   -3    -1
    2     0
    1     0
   -2    -1

r3_lp14_322=
    3    -2
   -3    -1
    0     0
    1     0
   -2    -2

r3_lp14_323=
    3    -2
   -3    -2
    2     0
    1     0
   -2    -1

r3_lp14_324=
    3    -2
   -3    -2
   -1     0
    1     0
   -2    -2

r3_lp14_325=
    3    -1
   -3     1
    2     0
    1     0
   -2    -2

r3_lp14_326=
    3    -1
   -3     0
    1     0
    1     0
   -2    -2

r3_lp14_327=
    3    -1
   -3    -2
    2     0
    1     0
   -1    -2

r3_lp14_328=
    3    -1
   -3    -2
    1     0
    1     0
   -1    -2

r3_lp14_329=
    3    -1
   -3    -2
    0     2
    0     1
    0    -1
   -2    -1

r3_lp14_330=
    3    -1
   -3    -1
    2     0
    1     0
   -2    -1

r3_lp14_331=
    3    -1
   -3    -2
    2     0
    1     0
   -2    -1

r3_lp14_332=
    3    -1
   -2     0
    0     1
    1    -3

r3_lp14_333=
    3    -1
   -2    -1
    1     0
    1     1
   -2    -2

r3_lp14_334=
    3    -1
   -2    -2
   -1     0
    2     0
    1     1
    0    -2
   -2    -1

r3_lp14_335=
    3    -1
   -2    -2
    2     0
    1     1
   -1    -2

r3_lp14_336=
    3    -1
   -2    -2
    1     0
    1     1
   -1    -2

r3_lp14_337=
    3    -1
   -2    -2
    0     2
    0     1
    1    -1
   -2    -1

r3_lp14_338=
    3    -1
   -2    -2
   -1     2
    0     1
    1    -1
   -2    -1

r3_lp14_339=
    3    -1
   -2    -2
   -1     0
    0     1
    1    -1
   -2    -2

r3_lp14_340=
    3    -1
   -2    -2
    2     0
    1     1
   -2    -1

r3_lp14_341=
    3    -1
   -2    -2
   -1     0
    1     1
   -2    -2

r3_lp14_342=
    3    -1
   -2    -3
   -1     2
    0     1
    1     0
   -1    -2

r3_lp14_343=
    3    -1
   -2    -3
    1     0
    1     1
    0    -2

r3_lp14_344=
    3    -1
   -2    -3
    0     2
    0     1
    1     0
   -2    -1

r3_lp14_345=
    3    -1
   -2    -3
   -2     2
    0     1
    1     0
   -1    -1

r3_lp14_346=
    3    -1
   -2    -3
   -2     0
    0     1
    1     0
   -1    -2

r3_lp14_347=
    3    -1
   -2    -3
   -1     0
    1     1
    0    -2

r3_lp14_348=
    3    -1
   -2    -3
   -2     1
    0     1
    1     0
   -2    -1

r3_lp14_349=
    0    -3
   -2     2
    3     1
    0    -1
   -2     0

r3_lp14_350=
    0    -3
   -2     1
    3     1
    0    -1
   -2     0

r3_lp14_351=
    0    -3
   -2     0
    2     3
    1     0
   -1    -2
   -1     0

r3_lp14_352=
    0    -1
   -3    -1
    2     3
    1     1
    0    -1
   -2     0

r3_lp14_353=
    0    -1
   -3     1
    3     1
    1     0
   -2     0

r3_lp14_354=
    0    -1
   -3    -2
    2     3
    1     1
    0    -1
   -1     0

r3_lp14_355=
    0    -2
   -1     0
    2     3
    1     1
   -2    -2
   -1     0

r3_lp14_356=
    0    -2
   -2    -1
    2     3
    1     1
    0    -2
   -1     0

r3_lp14_357=
    0    -2
   -2    -1
    0     3
    1     1
    0    -2
   -2     0

r3_lp14_358=
    0    -2
   -2     2
    3     1
    1    -1
   -1     0

r3_lp14_359=
    0    -2
   -2     0
    3     1
    1    -1
   -2     0

r3_lp14_360=
    0    -2
   -2    -1
    3     1
    1    -1
   -2     0

r3_lp14_361=
    0    -2
   -2     1
    3     1
    1    -2
   -1     0

r3_lp14_362=
    0    -2
   -3     2
    3     1
    1     0
   -2     0

r3_lp14_363=
    0    -2
   -3    -1
    2     3
    1     1
    0    -1
   -1     0

r3_lp14_364=
    0    -2
   -3     0
    3     1
    1     0
   -2     0

r3_lp14_365=
    0    -2
   -3    -2
    1     3
    1     1
    0    -1
   -1     0

r3_lp14_366=
    0    -2
   -3    -2
    3     1
    1     0
   -2     0

r3_lp14_367=
    3    -2
    0     0
    2    -3

r3_lp14_368=
    3    -2
   -1     0
    2     0
    2    -2
   -2    -1

r3_lp14_369=
    3    -2
   -2    -1
    2     0
    2     1
   -2    -1

r3_lp14_370=
    3    -2
   -2    -1
    0     0
    2     1
   -2    -2

r3_lp14_371=
    3    -2
   -2     0
    0     2
    0    -2

r3_lp14_372=
    3    -2
   -2    -1
    0     2
    0    -2

r3_lp14_373=
    3    -2
   -2     1
    0     2
   -1    -1

r3_lp14_374=
    3    -2
   -2     0
    2    -2

r3_lp14_375=
    1    -2
   -1     2
    3     1
    1    -2
   -1     0

r3_lp14_376=
    1    -2
   -1     0
    3     1
    1    -2
   -2     0

r3_lp14_377=
    1    -2
   -2    -1
    3     1
    1     0
   -2     0

r3_lp14_378=
    1    -2
   -2     1
    3     1
    1    -1
   -1     0

r3_lp14_379=
    1    -2
   -1     2
    3     1
    2    -2
   -1     0

r3_lp14_380=
    1    -2
   -1     0
    3     1
    2    -2
   -2     0

r3_lp14_381=
    1    -2
   -2    -1
    3     1
    2     1
   -2     0

r3_lp14_382=
    3    -1
   -2     2
    0     2
   -2    -1

r3_lp14_383=
    3    -1
   -2    -1
    0     2
   -2    -2

r3_lp14_384=
    3    -1
   -2     2
    0     2
   -1    -1

r3_lp14_385=
    3    -1
   -2     0
    0     2
   -1    -2

r3_lp14_386=
    3    -1
   -2    -1
    0     2
   -1    -2

r3_lp14_387=
    2    -2
   -1     2
    1     2
   -2    -1

r3_lp14_388=
    2     2
   -2    -1
    0     0
    1     2
   -2    -2

r3_lp14_389=
    2     2
   -1    -2
    1     0
    1     2
   -1    -2
