r3_lp7_1=
    1    -3
   -2    -2
    0    -2

r3_lp7_2=
   -1    -2
   -2     2
   -1    -1
   -2    -2

r3_lp7_3=
    0    -2
   -1     2
   -1    -1
   -2    -2

r3_lp7_4=
    0    -3
   -2     0
    2    -1
    0    -1
   -2    -2

r3_lp7_5=
    0    -3
   -1     1
   -1     0
   -2    -2

r3_lp7_6=
    0    -3
   -2     0
   -1     0
   -2    -2

r3_lp7_7=
    0    -2
   -3    -2
    0     1
   -1     0
    0    -1
   -2    -2

r3_lp7_8=
    0    -2
   -3    -2
   -1    -1
    0     0
   -2    -2

r3_lp7_9=
   -2    -2
    2     1
   -1    -2

r3_lp7_10=
   -1     1
    2    -2
   -2    -1
   -2    -2
    1     0

r3_lp7_11=
    0     2
   -2    -1
   -2    -2
    1    -1

r3_lp7_12=
   -1     2
   -2    -3
   -1    -2
    1     0

r3_lp7_13=
   -1    -2
   -3    -2
   -1    -1
    1     0
   -2    -2

r3_lp7_14=
    1    -3
   -2    -1
   -1     0
   -2    -2

r3_lp7_15=
   -1    -2
   -3    -2
   -2     2
    0    -2

r3_lp7_16=
   -1    -2
   -3    -2
   -1     2
    0    -2

r3_lp7_17=
   -1    -2
   -3    -2
    0     2
    0    -2

r3_lp7_18=
    0     2
   -3    -2
   -2    -1
    0    -1

r3_lp7_19=
   -1     2
   -3    -2
   -1     0

r3_lp7_20=
    2    -3
   -2    -1
    0    -2

r3_lp7_21=
    2    -3
    2     0
    0    -1
