r3_lp20_1=
   -1    -2
   -3    -2
    2     2
    2     2
    0    -2
   -2    -1

r3_lp20_2=
    0     2
   -1    -2
   -3    -2
   -3    -1
    2     2
    0    -2

r3_lp20_3=
    1    -1
   -2    -3
   -2     0
    2     0
    2     2
    0    -2
   -3    -2

r3_lp20_4=
    0     2
    2    -1
   -2    -3
   -3    -2
   -1     2
    2     0

r3_lp20_5=
    0    -2
   -3    -2
    0     2
    2     1
    1     0
   -2    -3
   -2     0

r3_lp20_6=
    2    -2
   -2     0
    2     0
    2    -2
   -3    -2

r3_lp20_7=
    2    -2
   -3     0
    2     0
    2     0
   -3    -2

r3_lp20_8=
    2    -2
   -3    -2
    2     0
    2     0
   -2    -2

r3_lp20_9=
    2    -2
   -3    -2
    0     2
    0     2
    0    -2
   -3    -1

r3_lp20_10=
    2    -1
   -2    -2
    0     2
    0     2
    1    -2
   -3    -2

r3_lp20_11=
    2    -1
   -3     0
    2     0
    2     0
   -3    -2

r3_lp20_12=
    2    -1
   -3    -2
    2     0
    2     0
   -2    -2

r3_lp20_13=
    2    -1
   -3    -2
    0     2
    0     2
    0    -2
   -3    -1

r3_lp20_14=
    2    -1
   -2    -2
    0     2
    0     2
    2    -1
   -3    -2

r3_lp20_15=
    2    -1
   -2    -2
    2     0
    2     2
   -2    -2

r3_lp20_16=
    2    -1
   -2    -2
    0     2
    0     2
    2    -2
   -3    -1

r3_lp20_17=
    2    -1
   -2    -3
   -1     2
    0     2
    2     0
   -2    -2

r3_lp20_18=
    2    -1
   -2    -3
    0     2
    0     2
    2     0
   -3    -1

r3_lp20_19=
    2    -1
   -2    -3
   -2     1
    2     0
    2     2
    0    -2
   -2    -1

r3_lp20_20=
    2    -1
   -2    -3
   -2     0
    1     0
    2     2
    0    -2
   -3    -2

r3_lp20_21=
    1    -1
   -3    -2
    0     2
    2     1
    1     0
   -2    -3
   -2     0

r3_lp20_22=
    1    -2
   -2     0
    2     2
    1     1
   -2    -3
   -2     0

r3_lp20_23=
    1    -2
   -3     0
    2     2
    1     1
    0    -3
   -2     0

r3_lp20_24=
    1    -2
   -3    -2
    2     2
    1     1
    0    -2
   -2     0

r3_lp20_25=
    1    -2
   -3    -2
    0     2
    2     1
    1     0
   -2    -3
   -1     0

r3_lp20_26=
    1    -2
   -3    -2
    0     2
    2     1
    1     0
   -2    -3
   -2    -1

r3_lp20_27=
    1    -2
   -2     0
    2     2
    1     2
   -1    -3
   -2     0

r3_lp20_28=
    1    -2
   -2     2
    2     1
    2    -2
   -2     0

r3_lp20_29=
    1    -2
   -2     0
    2     2
    1     2
   -2    -3
   -1     0

r3_lp20_30=
    1    -2
   -2     0
    2     2
    1     2
   -2    -3
   -2    -1

r3_lp20_31=
    1    -2
   -3    -1
    2     2
    1     2
    0    -2
   -2     0

r3_lp20_32=
    1    -2
   -3     0
    2     2
    1     2
    0    -3
   -1     0

r3_lp20_33=
    1    -2
   -3     0
    2     2
    1     2
    0    -3
   -2    -1

r3_lp20_34=
    1    -2
   -3    -2
    1     2
    2     1
    2     0
   -2    -2
   -1     0

r3_lp20_35=
    1    -2
   -3    -2
    2     2
    1     2
    0    -2
   -2    -1

r3_lp20_36=
    1    -2
   -3    -2
    0     1
    2     1
    2     0
   -2    -3
   -2     0

r3_lp20_37=
    1    -2
   -3    -2
    0     2
    1     2
    0    -2
   -3    -1

r3_lp20_38=
    1    -2
   -3    -2
    0     2
    1     2
    0    -2
   -3    -2

r3_lp20_39=
    1    -1
   -2    -2
    0     2
    2     1
    2     0
   -2    -3
   -2     0

r3_lp20_40=
    1    -1
   -2    -2
    0     2
    2     1
    2     1
   -1    -3
   -2     0

r3_lp20_41=
    1    -1
   -2    -2
    2     2
    1     2
    1    -2
   -2     0

r3_lp20_42=
    1    -1
   -2    -2
    0     2
    2     1
    2     1
   -2    -3
   -1     0

r3_lp20_43=
    1    -1
   -2    -2
    0     2
    2     1
    2     1
   -2    -3
   -2    -1

r3_lp20_44=
    1    -1
   -3    -1
    2     2
    1     2
    0    -2
   -2     0

r3_lp20_45=
    1    -1
   -3     0
    2     2
    1     2
    0    -3
   -1     0

r3_lp20_46=
    1    -1
   -3     0
    2     2
    1     2
    0    -3
   -2    -1

r3_lp20_47=
    1    -1
   -3    -2
    1     2
    2     1
    2     0
   -2    -2
   -1     0

r3_lp20_48=
    1    -1
   -3    -2
    2     2
    1     2
    0    -2
   -2    -1

r3_lp20_49=
    1    -1
   -3    -2
    0     1
    2     1
    2     0
   -2    -3
   -2     0

r3_lp20_50=
    1    -1
   -3    -2
    0     2
    1     2
    0    -2
   -3    -1

r3_lp20_51=
    1    -1
   -2    -2
   -1     0
    2     2
    1     2
    2     0
   -2    -3
   -2     0

r3_lp20_52=
    1    -1
   -2    -2
   -1     2
    2     1
    2     2
   -1    -2
   -2     0

r3_lp20_53=
    1    -1
   -2    -2
    0     2
    2     1
    2     2
   -1    -3
   -1     0

r3_lp20_54=
    1    -1
   -2    -2
    0     2
    2     1
    2     2
   -1    -3
   -2    -1

r3_lp20_55=
    1    -1
   -2    -2
    1     2
    2     1
    2     2
   -2    -2
   -1     0

r3_lp20_56=
    1    -1
   -2    -2
    2     2
    1     2
    2    -2
   -2    -1

r3_lp20_57=
    1    -1
   -2    -2
    0     1
    2     1
    2     2
   -2    -3
   -2     0

r3_lp20_58=
    1    -1
   -2    -3
   -2     0
    2     2
    1     2
    2     0
   -1    -2
   -2     0

r3_lp20_59=
    1    -1
   -2    -3
   -1     1
    2     2
    1     2
    2     0
   -2    -2
   -1     0

r3_lp20_60=
    1    -1
   -2    -3
    0     1
    2     1
    2     2
    0    -3
   -2     0

r3_lp20_61=
    1    -1
   -2    -3
   -2     0
    2     2
    1     2
    2     0
   -2    -2
   -1     0

r3_lp20_62=
    1    -1
   -2    -3
   -2     1
    2     1
    2     2
    0    -2
   -2     0

r3_lp20_63=
    1    -1
   -2    -3
   -2     0
    2     1
    2     2
    0    -2
   -3     0

r3_lp20_64=
    3    -1
   -2    -3
   -2     0
    2     0
    1     1
    0    -2
   -3    -2

r3_lp20_65=
    0    -1
   -3    -2
    0     2
    3     1
    1     0
   -2    -3
   -2     0

r3_lp20_66=
    0    -2
   -2     0
    2     3
    1     1
   -2    -3
   -2     0

r3_lp20_67=
    0    -2
   -3     0
    2     3
    1     1
    0    -3
   -2     0

r3_lp20_68=
    0    -2
   -3    -2
    2     3
    1     1
    0    -2
   -2     0

r3_lp20_69=
    0    -2
   -3    -2
    0     3
    1     1
    0    -2
   -3     0

r3_lp20_70=
    3    -2
   -2     0
    2     0
    2    -1
   -3    -2

r3_lp20_71=
    3    -2
   -2     2
    0     2
   -2    -2

r3_lp20_72=
    3    -2
   -2     0
    0     2
   -2    -3

r3_lp20_73=
    3    -2
   -3    -1
    2     0
    2     0
   -2    -2

r3_lp20_74=
    3    -2
   -3     0
    0     2
    0    -3

r3_lp20_75=
    3    -2
   -3    -2
    1     0
    2     0
   -2    -2

r3_lp20_76=
    1    -1
   -3     0
    2     3
    1     1
    0    -3
   -2     0

r3_lp20_77=
    1    -1
   -3    -2
    2     3
    1     1
    0    -2
   -2     0

r3_lp20_78=
    1    -2
   -2     0
    2     3
    1     1
   -1    -3
   -2     0

r3_lp20_79=
    1    -2
   -2     2
    3     1
    1    -2
   -2     0

r3_lp20_80=
    1    -2
   -2     0
    3     1
    1    -2
   -3     0

r3_lp20_81=
    1    -2
   -3    -1
    2     3
    1     1
    0    -2
   -2     0

r3_lp20_82=
    1    -2
   -3     0
    3     1
    1     0
   -3     0

r3_lp20_83=
    1    -2
   -3    -2
    1     3
    1     1
    0    -2
   -2     0

r3_lp20_84=
    1    -2
   -2    -1
    0     2
    3     1
    2     0
   -2    -3
   -2     0

r3_lp20_85=
    1    -2
   -2    -1
    2     3
    1     2
   -1    -2
   -2     0

r3_lp20_86=
    1    -2
   -2     0
    3     1
    2    -1
   -3     0

r3_lp20_87=
    1    -2
   -2     1
    3     1
    2    -2
   -2     0

r3_lp20_88=
    1    -2
   -3    -2
    0     2
    3     1
    2     0
   -1    -2
   -2     0

r3_lp20_89=
    1    -2
   -3    -1
    1     3
    1     2
    0    -2
   -2     0

r3_lp20_90=
    1    -2
   -3    -2
    0     2
    3     1
    2     0
   -2    -2
   -1     0

r3_lp20_91=
    3    -1
   -2    -2
    0     2
    0     2
   -1    -2
   -3    -2

r3_lp20_92=
    3    -1
   -2    -2
    0     2
    0     2
    0    -1
   -3    -2

r3_lp20_93=
    3    -1
   -2    -2
    2     0
    2     0
   -2    -2

r3_lp20_94=
    3    -1
   -2    -2
    0     0
    2     0
   -2    -3

r3_lp20_95=
    3    -1
   -2    -2
   -1     0
    2     0
    2     1
    0    -2
   -3    -2

r3_lp20_96=
    3    -1
   -2    -2
   -1     2
    0     2
    1    -1
   -2    -2

r3_lp20_97=
    3    -1
   -2    -2
    0     0
    2     1
   -1    -3

r3_lp20_98=
    3    -1
   -2    -2
    1     0
    2     1
   -2    -2

r3_lp20_99=
    3    -1
   -3    -2
    0     2
    0     2
    0    -1
   -2    -2

r3_lp20_100=
    3    -1
   -3    -1
    1     0
    2     0
   -2    -2

r3_lp20_101=
    3    -1
   -3    -2
    0     2
    0     2
    0    -2
   -2    -1

r3_lp20_102=
    3    -1
   -2    -2
   -1     0
    2     0
    2     2
    1    -2
   -3    -2

r3_lp20_103=
    3    -1
   -2    -2
    0     2
    0     2
    2     0
   -3    -2

r3_lp20_104=
    3    -1
   -2    -2
   -1     2
    0     2
    2     0
   -2    -2

r3_lp20_105=
    3    -1
   -2    -2
   -1     0
    0     2
    2     0
   -2    -3

r3_lp20_106=
    3    -1
   -2    -2
    0     2
    0     2
    2    -1
   -2    -2

r3_lp20_107=
    3    -1
   -2    -2
   -1     1
    0     2
    2    -1
   -2    -2

r3_lp20_108=
    3    -1
   -2    -2
    0     2
    0     2
    2    -2
   -2    -1

r3_lp20_109=
    3    -1
   -2    -3
    0     2
    0     2
    2     0
   -2    -2

r3_lp20_110=
    3    -1
   -2    -3
   -2     1
    2     0
    2     2
    0    -1
   -2    -2

r3_lp20_111=
    3    -1
   -2    -3
   -2     0
    1     0
    2     2
    0    -1
   -2    -2

r3_lp20_112=
    3    -1
   -2    -3
   -1     0
    2     0
    2     2
    0    -2
   -2    -1

r3_lp20_113=
    3    -1
   -2    -3
   -2    -1
    2     0
    2     2
    0    -2
   -2    -1

r3_lp20_114=
    3    -1
   -2    -3
   -2     0
    0     2
    2     0
   -2    -2

r3_lp20_115=
    2    -2
   -2    -1
    0     2
    3     1
    1     0
   -2    -3
   -2     0

r3_lp20_116=
    2    -2
   -2    -1
    2     3
    1     1
   -1    -2
   -2     0

r3_lp20_117=
    2    -2
   -2     0
    3     1
    1    -1
   -3     0

r3_lp20_118=
    2    -2
   -2     0
    2     1
    1    -1
   -3    -2

r3_lp20_119=
    2    -2
   -2     1
    3     1
    1    -2
   -2     0

r3_lp20_120=
    2    -2
   -2     2
    1     1
   -2    -2

r3_lp20_121=
    2    -2
   -3    -2
    0     2
    3     1
    1     0
   -1    -2
   -2     0

r3_lp20_122=
    2    -2
   -3    -1
    1     3
    1     1
    0    -2
   -2     0

r3_lp20_123=
    2    -2
   -2    -1
    0     2
    3     1
    2     1
   -2    -3
   -2     0

r3_lp20_124=
    2    -2
   -2     0
    2     3
    1     2
    0    -3
   -2     0

r3_lp20_125=
    2    -2
   -2    -1
    2     3
    1     2
    0    -2
   -2     0

r3_lp20_126=
    2    -2
   -2    -1
    0     3
    1     2
    0    -2
   -3     0

r3_lp20_127=
    2    -2
   -2    -1
    0     2
    1     2
    0    -2
   -3    -2

r3_lp20_128=
    2    -2
   -2     0
    2     3
    1     2
   -1    -2
   -2     0

r3_lp20_129=
    2    -2
   -2    -1
    1     3
    1     2
   -1    -2
   -2     0

r3_lp20_130=
    2    -2
   -2    -1
    2     1
    2    -1
   -2    -2

r3_lp20_131=
    2    -2
   -2     0
    2     1
    2    -1
   -3    -1

r3_lp20_132=
    2    -2
   -2     0
    2     3
    1     2
   -2    -2
   -1     0

r3_lp20_133=
    2    -2
   -2     1
    2     1
    2    -2
   -2    -1

r3_lp20_134=
    2     2
   -2    -2
    0     1
    0     1
    2    -2
   -3    -2

r3_lp20_135=
    2    -2
   -3     0
    2     3
    1     2
    0    -2
   -2     0

r3_lp20_136=
    2    -2
   -3    -2
    1     2
    3     1
    2     0
   -1    -2
   -2     0

r3_lp20_137=
    2    -2
   -3    -2
    0     1
    3     1
    2     0
   -1    -2
   -2     0

r3_lp20_138=
    2    -2
   -3    -2
    0     2
    1     2
    0    -1
   -2    -2

r3_lp20_139=
    2    -2
   -3    -1
    0     2
    3     1
    2     0
   -2    -2
   -1     0

r3_lp20_140=
    2    -2
   -3    -1
    1     2
    1     2
    0    -2
   -2    -1

r3_lp20_141=
    2     2
   -2    -3
    0     1
    0     1
    2     0
   -3    -2

r3_lp20_142=
    2    -2
   -3    -2
   -1     2
    3     1
    2     0
   -2    -2
   -1     0

r3_lp20_143=
    2    -2
   -3    -2
    0     3
    1     2
    0    -2
   -2     0

r3_lp20_144=
    2    -2
   -3    -2
    0     2
    1     2
    0    -2
   -2    -1

r3_lp20_145=
    2     2
   -2    -3
   -2     1
    0     1
    2     0
   -2    -2

r3_lp20_146=
    2    -2
   -3    -2
    0     1
    1     2
    0    -2
   -3    -2

r3_lp20_147=
    2     2
   -2    -3
   -2     0
    0     1
    2     0
   -2    -3

r3_lp20_148=
    2    -1
   -2     0
    2     3
    1     2
   -1    -3
   -2     0

r3_lp20_149=
    2    -1
   -2    -2
    2     3
    1     2
   -1    -2
   -2     0

r3_lp20_150=
    2    -1
   -2    -2
    0     3
    1     2
   -1    -2
   -3     0

r3_lp20_151=
    2    -1
   -2    -2
    0     2
    1     2
   -1    -2
   -3    -2

r3_lp20_152=
    2    -1
   -2    -1
    0     2
    3     1
    2     0
   -2    -3
   -2     0

r3_lp20_153=
    2    -1
   -2    -2
   -1     2
    3     1
    2     0
   -1    -2
   -2     0

r3_lp20_154=
    2    -1
   -2    -2
    0     3
    1     2
    0    -1
   -3     0

r3_lp20_155=
    2    -1
   -2    -2
    0     2
    1     2
    0    -1
   -3    -2

r3_lp20_156=
    2    -1
   -2    -2
    1     3
    1     2
    0    -2
   -2     0

r3_lp20_157=
    2    -1
   -2    -2
    2     1
    2     0
   -2    -2

r3_lp20_158=
    2    -1
   -2    -2
    0     2
    1     2
    0    -2
   -3    -1

r3_lp20_159=
    2    -1
   -2    -1
    0     2
    3     1
    2     1
   -2    -3
   -2     0

r3_lp20_160=
    2    -1
   -2    -2
    0     2
    3     1
    2     1
    0    -3
   -2     0

r3_lp20_161=
    2    -1
   -2    -2
   -1     2
    3     1
    2     1
    0    -2
   -2     0

r3_lp20_162=
    2    -1
   -2    -2
   -1     0
    3     1
    2     1
    0    -2
   -3     0

r3_lp20_163=
    2    -1
   -2    -2
   -1     0
    2     1
    2     1
    0    -2
   -3    -2

r3_lp20_164=
    2    -1
   -2    -2
    0     2
    3     1
    2     1
   -1    -2
   -2     0

r3_lp20_165=
    2    -1
   -2    -2
   -1     1
    3     1
    2     1
   -1    -2
   -2     0

r3_lp20_166=
    2    -1
   -2    -2
   -1     2
    1     2
    1    -1
   -2    -2

r3_lp20_167=
    2    -1
   -2    -2
    0     2
    1     2
    1    -1
   -3    -1

r3_lp20_168=
    2    -1
   -2    -2
    0     2
    3     1
    2     1
   -2    -2
   -1     0

r3_lp20_169=
    2    -1
   -2    -2
    1     2
    1     2
    1    -2
   -2    -1

r3_lp20_170=
    2     2
   -1    -2
   -2     0
    1     0
    1     2
    1    -2
   -3    -2

r3_lp20_171=
    2    -1
   -3     0
    2     3
    1     2
    0    -2
   -2     0

r3_lp20_172=
    2    -1
   -3    -2
    1     2
    3     1
    2     0
   -1    -2
   -2     0

r3_lp20_173=
    2    -1
   -3    -2
    0     1
    3     1
    2     0
   -1    -2
   -2     0

r3_lp20_174=
    2    -1
   -3    -2
    0     2
    1     2
    0    -1
   -2    -2

r3_lp20_175=
    2    -1
   -3    -1
    0     2
    3     1
    2     0
   -2    -2
   -1     0

r3_lp20_176=
    2    -1
   -3    -1
    1     2
    1     2
    0    -2
   -2    -1

r3_lp20_177=
    2     2
   -1    -3
    0     1
    0     1
    2     0
   -3    -2

r3_lp20_178=
    2    -1
   -3    -2
   -1     2
    3     1
    2     0
   -2    -2
   -1     0

r3_lp20_179=
    2    -1
   -3    -2
    0     3
    1     2
    0    -2
   -2     0

r3_lp20_180=
    2    -1
   -3    -2
    0     2
    1     2
    0    -2
   -2    -1

r3_lp20_181=
    2     2
   -1    -3
   -2     1
    0     1
    2     0
   -2    -2

r3_lp20_182=
    2     2
   -1    -3
   -2     0
    0     1
    2     0
   -2    -3

r3_lp20_183=
    2    -1
   -2    -2
   -1     2
    3     1
    2     2
    1    -2
   -2     0

r3_lp20_184=
    2    -1
   -2    -2
   -1     0
    3     1
    2     2
    1    -2
   -3     0

r3_lp20_185=
    2    -1
   -2    -2
    0     2
    3     1
    2     2
    0    -2
   -2     0

r3_lp20_186=
    2    -1
   -2    -2
    0     3
    1     2
    2     0
   -3     0

r3_lp20_187=
    2    -1
   -2    -2
    0     2
    1     2
    2     0
   -3    -2

r3_lp20_188=
    2    -1
   -2    -2
   -1     1
    3     1
    2     2
    0    -2
   -2     0

r3_lp20_189=
    2    -1
   -2    -2
   -1     2
    1     2
    2     0
   -2    -2

r3_lp20_190=
    2    -1
   -2    -2
   -1     0
    2     1
    2     2
    0    -2
   -3    -1

r3_lp20_191=
    2    -1
   -2    -2
    1     2
    3     1
    2     2
   -1    -2
   -2     0

r3_lp20_192=
    2    -1
   -2    -2
    0     1
    3     1
    2     2
   -1    -2
   -2     0

r3_lp20_193=
    2    -1
   -2    -2
    0     2
    1     2
    2    -1
   -2    -2

r3_lp20_194=
    2    -1
   -2    -2
   -1     0
    2     3
    1     2
    2    -1
   -2    -2
   -1     0

r3_lp20_195=
    2    -1
   -2    -2
   -1     1
    2     1
    2     2
   -1    -2
   -2    -1

r3_lp20_196=
    2     2
   -1    -2
   -2     0
    1     0
    1     2
    2    -1
   -3    -2

r3_lp20_197=
    2    -1
   -2    -2
   -1     2
    3     1
    2     2
   -2    -2
   -1     0

r3_lp20_198=
    2    -1
   -2    -2
    0     3
    1     2
    2    -2
   -2     0

r3_lp20_199=
    2    -1
   -2    -2
    0     2
    1     2
    2    -2
   -2    -1

r3_lp20_200=
    2     2
   -1    -2
   -2     1
    0     1
    2     2
   -2    -2

r3_lp20_201=
    2     2
   -1    -2
   -2     0
    0     1
    2     2
   -2    -3

r3_lp20_202=
    2    -1
   -2    -3
    0     1
    3     1
    2     2
    0    -2
   -2     0

r3_lp20_203=
    2    -1
   -2    -3
    0     2
    1     2
    2     0
   -2    -2

r3_lp20_204=
    2    -1
   -2    -3
   -2     0
    2     3
    1     2
    2     0
   -1    -2
   -1     0

r3_lp20_205=
    2    -1
   -2    -3
   -2     0
    1     2
    1     2
    2     0
   -1    -2
   -2    -1

r3_lp20_206=
    2    -1
   -2    -3
   -1     0
    3     1
    2     2
    0    -2
   -2     0

r3_lp20_207=
    2    -1
   -2    -3
   -1     0
    2     1
    2     2
    0    -2
   -2    -1

r3_lp20_208=
    2     2
   -1    -2
   -3    -1
    1     0
    1     2
    2     0
   -2    -2

r3_lp20_209=
    2     2
   -1    -2
   -3     0
    0     1
    2     2
    0    -3

r3_lp20_210=
    2    -1
   -2    -3
   -2    -1
    2     1
    2     2
    0    -2
   -2    -1

r3_lp20_211=
    2     2
   -1    -2
   -3    -2
    0     0
    1     2
    2     0
   -2    -2

r3_lp20_212=
    0    -2
   -1     0
    2     3
    2     2
    0    -2
   -3    -2
    0     1

r3_lp20_213=
    0    -2
   -2    -1
    2     3
    2     2
    0    -1
   -2    -2
    0     1

r3_lp20_214=
    0    -2
   -2     0
    3     2
    2     0
   -1    -3
    0     1

r3_lp20_215=
    0    -2
   -2     0
    2     2
    2     0
   -1    -3
   -2     1

r3_lp20_216=
    0    -2
   -2     0
    2     3
    2     0
   -1    -3
   -2     0

r3_lp20_217=
    0    -2
   -2     1
    3     2
    2     0
   -2    -2
    0     1

r3_lp20_218=
    0    -2
   -2     2
    3     2
    0    -2
   -2     0

r3_lp20_219=
    0    -2
   -2     0
    2     2
    2     0
   -2    -3
   -1     1

r3_lp20_220=
    0    -2
   -2     0
    3     2
    0    -2
   -3     0

r3_lp20_221=
    0    -2
   -2     0
    2     2
    2     0
   -2    -3
   -2     0

r3_lp20_222=
    0    -3
   -2     0
    2     3
    2     2
    0    -1
   -2    -2
    0     1

r3_lp20_223=
    0    -3
   -1     1
    3     2
    2     0
   -2    -2
    0     1

r3_lp20_224=
    0    -3
   -1     2
    2     2
    0    -2
   -2     1

r3_lp20_225=
    0    -3
   -1     2
    3     2
    0    -2
   -2     0

r3_lp20_226=
    0    -3
    0     2
    2     2
    0    -3
   -1     1

r3_lp20_227=
    0    -3
    0     3
    2     0
   -3     0

r3_lp20_228=
    0    -3
   -2     0
    2     3
    2     2
    0    -2
   -2    -1
    0     1

r3_lp20_229=
    0    -3
   -2     1
    2     2
    2     0
   -2    -2
   -1     1

r3_lp20_230=
    0    -3
   -2     0
    1     2
    2     2
    0    -2
   -3    -2
    0     1

r3_lp20_231=
    0    -2
   -2     0
    2     3
    2     2
    1     0
   -3    -2
    0     1

r3_lp20_232=
    0    -2
   -2    -1
    2     3
    2     2
    1     0
   -2    -2
    0     1

r3_lp20_233=
    0    -2
   -2    -1
    0     3
    2     2
    1     0
   -2    -3
    0     1

r3_lp20_234=
    0    -2
   -2     0
    2     3
    2     2
    1    -1
   -2    -2
    0     1

r3_lp20_235=
    0    -2
   -2    -1
    1     3
    2     2
    1    -1
   -2    -2
    0     1

r3_lp20_236=
    0    -2
   -2     0
    2     3
    2     2
    1    -2
   -2    -1
    0     1

r3_lp20_237=
    0    -2
   -3     0
    2     3
    2     2
    1     0
   -2    -2
    0     1

r3_lp20_238=
    0    -2
   -3    -2
    0     1
    3     2
    2     1
    0    -1
   -2    -2
    0     1

r3_lp20_239=
    0    -1
   -2    -2
    0     2
    3     2
    2     2
    0    -1
   -2    -2
    0     1

r3_lp20_240=
    0    -1
   -2    -2
   -1     1
    3     2
    2     2
    0    -1
   -2    -2
    0     1

r3_lp20_241=
    0    -1
   -2    -2
   -1     2
    2     2
    2     0
   -1    -2
   -2     1

r3_lp20_242=
    0    -1
   -2    -2
   -1     2
    3     2
    2     0
   -1    -2
   -2     0

r3_lp20_243=
    0    -1
   -2    -2
    0     2
    2     2
    2     0
   -1    -3
   -1     1

r3_lp20_244=
    0    -1
   -2    -2
    0     3
    2     2
    0    -1
   -3     0

r3_lp20_245=
    0    -1
   -2    -2
    0     2
    2     2
    2     0
   -1    -3
   -2     0

r3_lp20_246=
    0    -1
   -2    -2
    0     2
    3     2
    2     2
    0    -2
   -2    -1
    0     1

r3_lp20_247=
    0    -1
   -2    -2
    1     2
    2     2
    2     0
   -2    -2
   -1     1

r3_lp20_248=
    0    -1
   -2    -2
    1     3
    2     2
    0    -2
   -2     0

r3_lp20_249=
    0    -1
   -2    -2
    2     2
    2     2
    0    -2
   -2     0

r3_lp20_250=
    0    -1
   -2    -2
    0     2
    2     2
    2     0
   -2    -3
   -1     0

r3_lp20_251=
    0    -1
   -2    -2
    0     2
    3     2
    2     2
    1     0
   -2    -2
    0     1

r3_lp20_252=
    0    -1
   -2    -2
    0     3
    2     2
    2     1
    0    -3
    0     1

r3_lp20_253=
    0    -1
   -2    -2
    0     2
    2     2
    2     1
    0    -3
   -2     1

r3_lp20_254=
    0    -1
   -2    -2
    0     2
    3     2
    2     1
    0    -3
   -2     0

r3_lp20_255=
    0    -1
   -2    -2
   -1     1
    3     2
    2     2
    1     0
   -2    -2
    0     1

r3_lp20_256=
    0    -1
   -2    -2
   -1     2
    2     2
    2     1
    0    -2
   -2     1

r3_lp20_257=
    0    -1
   -2    -2
    0     1
    3     2
    2     2
    1    -1
   -2    -2
    0     1

r3_lp20_258=
    0    -1
   -2    -2
    0     2
    2     2
    2     1
   -1    -2
   -2     1

r3_lp20_259=
    0    -1
   -2    -2
    0     2
    3     2
    2     1
   -1    -2
   -2     0

r3_lp20_260=
    0    -1
   -2    -2
   -1     0
    2     3
    2     2
    2     1
   -1    -2
   -2    -1
    0     1

r3_lp20_261=
    0    -1
   -2    -2
   -1     1
    2     2
    2     2
    1    -1
   -2    -2
   -1     1

r3_lp20_262=
    0    -1
   -2    -2
   -1     1
    3     2
    2     1
   -1    -2
   -2     0

r3_lp20_263=
    0    -1
   -2    -2
   -1     2
    2     2
    2     1
   -1    -2
   -2     0

r3_lp20_264=
    0    -1
   -2    -2
    0     2
    2     2
    2     1
   -1    -3
   -1     0

r3_lp20_265=
    0    -1
   -2    -2
    0     3
    2     2
    2     1
   -2    -2
    0     1

r3_lp20_266=
    0    -1
   -2    -2
    0     2
    2     2
    2     1
   -2    -2
   -1     1

r3_lp20_267=
    0    -1
   -2    -2
    0     2
    3     2
    2     1
   -2    -2
   -1     0

r3_lp20_268=
    0    -1
   -2    -2
    1     2
    2     2
    2     1
   -2    -2
   -1     0

r3_lp20_269=
    0    -1
   -3     0
    1     3
    2     2
    2     0
   -2    -2
    0     1

r3_lp20_270=
    0    -1
   -3     0
    2     2
    2     2
    0    -2
   -2     1

r3_lp20_271=
    0    -1
   -3    -2
    0     2
    2     2
    2     0
   -1    -2
   -2     0

r3_lp20_272=
    0    -1
   -3    -1
    0     3
    2     2
    2     0
   -2    -2
    0     1

r3_lp20_273=
    0    -1
   -3    -1
    0     2
    2     2
    2     0
   -2    -2
   -1     1

r3_lp20_274=
    0    -1
   -3    -2
    0     3
    2     2
    0    -2
   -2     0

r3_lp20_275=
    0    -2
   -2     0
    2     2
    2     2
    0    -2
   -2     1

r3_lp20_276=
    0    -2
   -2     0
    2     3
    2     2
    0    -2
   -2     0

r3_lp20_277=
    0    -2
   -2     0
    2     2
    2     2
    0    -3
   -1     1

r3_lp20_278=
    0    -2
   -2     0
    3     2
    2     0
   -3     0

r3_lp20_279=
    0    -2
   -2    -1
    1     2
    2     2
    2     0
   -2    -2
   -1     1

r3_lp20_280=
    0    -2
   -2     0
    3     2
    2    -2
   -2     0
