r3_lp17_1=
    2    -2
   -3    -2
    2    -1
    2     0
   -2    -2

r3_lp17_2=
    1    -1
   -2    -3
   -2     2
    2     0
    1     1
    0    -2
   -2    -1

r3_lp17_3=
    1    -2
   -2     2
    2     0
    2    -2
   -2    -1

r3_lp17_4=
    1    -2
   -3    -1
    2     2
    0     2
    0    -2
   -2    -1

r3_lp17_5=
    1    -2
   -3    -2
    1     2
    0     2
    0    -2
   -2    -1

r3_lp17_6=
    1    -2
   -3    -2
    2     0
    2     0
   -2    -2

r3_lp17_7=
    0    -1
   -3    -2
    2     2
    1     1
    0    -2
   -2    -1

r3_lp17_8=
    0    -2
   -2     2
    2     1
    1    -2
   -2    -1

r3_lp17_9=
    0    -2
   -3    -1
    2     2
    1     1
    0    -2
   -2    -1

r3_lp17_10=
    0    -2
   -3    -2
    1     2
    1     1
    0    -2
   -2    -1

r3_lp17_11=
    0    -2
   -3    -2
    2     1
    1     1
    0    -2
   -2     0

r3_lp17_12=
    0    -2
   -2    -1
    2     2
    1     2
   -1    -2
   -2    -1

r3_lp17_13=
    0    -2
   -2     1
    2     1
    2    -2
   -2    -1

r3_lp17_14=
    0    -2
   -2     2
    1     1
    2    -2
   -2     0

r3_lp17_15=
    0    -2
   -3    -2
    0     2
    2     1
    2     0
   -1    -2
   -2    -1

r3_lp17_16=
    0    -2
   -3    -1
    1     2
    1     2
    0    -2
   -2    -1

r3_lp17_17=
    0    -2
   -3    -1
    2     1
    1     2
    0    -2
   -2     0

r3_lp17_18=
    0    -2
   -3    -2
    0     2
    1     2
    0    -2
   -2    -1

r3_lp17_19=
    0    -2
   -3    -2
    1     1
    1     2
    0    -2
   -2     0

r3_lp17_20=
    0    -2
   -3    -2
    2     1
    2     0
   -2    -2

r3_lp17_21=
   -1    -2
   -2     2
    2     2
    0    -2
   -2    -1

r3_lp17_22=
   -1    -2
   -2     1
    2     2
    1    -2
   -2    -1

r3_lp17_23=
    0     2
    2    -1
   -3    -2
   -2    -2
   -1     2
    0    -1

r3_lp17_24=
   -1    -3
   -1     1
    2     2
    0    -2
   -2    -1

r3_lp17_25=
    1    -1
   -3    -1
    2     0
    2     0
   -2    -2

r3_lp17_26=
    0     2
   -1    -3
   -2    -2
   -1     2
    0    -2

r3_lp17_27=
    1    -1
   -3    -2
    1     0
    2     0
   -2    -2

r3_lp17_28=
    0    -1
   -3    -2
    2     1
    2     0
   -2    -2

r3_lp17_29=
   -1    -2
   -3    -2
    1     2
    2     2
    2     0
   -1    -2
   -2    -1

r3_lp17_30=
    0     1
    2    -1
   -2    -3
   -2    -2
   -2    -1
    2     2
    0    -1

r3_lp17_31=
    1    -1
   -2    -3
   -2     0
    2     0
    2     2
    0    -1
   -2    -2

r3_lp17_32=
    0     2
    2    -1
   -2    -3
   -2    -2
   -1     2
    2     0

r3_lp17_33=
    0     2
   -1    -2
   -3    -1
   -2    -1
    2     2
    0    -2

r3_lp17_34=
    1    -1
   -2    -3
   -1     1
    0     2
    2     0
   -2    -2

r3_lp17_35=
    0    -1
   -2    -3
   -1     2
    1     2
    2     0
   -2    -2

r3_lp17_36=
   -1    -2
   -3    -2
   -1     2
    2     2
    0    -2
   -2    -1

r3_lp17_37=
    1    -1
   -2    -3
   -2     0
    1     0
    2     2
    0    -2
   -2    -1

r3_lp17_38=
    0    -1
   -2    -3
   -2     1
    1     1
    2     2
    0    -2
   -2    -1

r3_lp17_39=
   -1    -2
   -3    -2
    2     2
    2     0
   -2    -2

r3_lp17_40=
    0     1
    1    -1
   -2    -3
   -2    -3
   -2    -1
    2     2
    0    -2

r3_lp17_41=
    0    -2
   -3    -2
    0     1
    1     1
    2     0
   -2    -3
   -2    -1

r3_lp17_42=
    0    -1
   -3    -2
    0     1
    1     1
    2     0
   -2    -3
   -2    -1

r3_lp17_43=
    0    -1
   -2    -3
    0     1
    1     1
    2     2
    0    -3
   -2    -1

r3_lp17_44=
    0    -1
   -2    -3
   -2     0
    1     1
    2     2
    0    -2
   -3    -1

r3_lp17_45=
    0    -1
   -2    -3
   -2     0
    1     1
    2     2
    0    -2
   -3    -2

r3_lp17_46=
    1    -2
   -3    -2
    0     1
    0     2
    0    -2
   -3    -2

r3_lp17_47=
    0    -2
   -3    -2
    0     1
    1     1
    1     0
   -2    -3
   -2     0

r3_lp17_48=
    0    -2
   -3     0
    1     1
    1     2
    0    -3
   -2     0

r3_lp17_49=
    0    -2
   -3    -2
    0     1
    1     1
    2     0
   -2    -3
   -1     0

r3_lp17_50=
    1    -1
   -3    -2
    0     1
    0     2
    0    -2
   -3    -1

r3_lp17_51=
    1    -1
   -2    -3
    0     1
    0     2
    2     0
   -3    -1

r3_lp17_52=
    1    -1
   -2    -3
   -2     0
    0     2
    2     0
   -2    -3

r3_lp17_53=
    0     2
   -2    -3
   -2    -3
   -1     2
    0    -2

r3_lp17_54=
    1    -2
   -3     0
    2     0
    2     0
   -3    -1

r3_lp17_55=
    0     2
   -2    -3
   -2    -3
   -2     2
    0    -2

r3_lp17_56=
    0     2
   -1    -2
   -3    -3
   -2     2
    2     0

r3_lp17_57=
    0    -2
   -3     0
    2     1
    2     0
   -3    -2

r3_lp17_58=
    2    -3
   -2     0
    2     0
    0    -2
   -3    -2

r3_lp17_59=
    2    -2
   -2     0
    2     0
    1    -2
   -3    -2

r3_lp17_60=
    2    -2
   -3     0
    2     0
    1     0
   -3    -2

r3_lp17_61=
    2    -2
   -3    -2
    2     0
    1     0
   -2    -2

r3_lp17_62=
    2    -2
   -3    -2
    0     2
    0     1
    0    -2
   -3    -1

r3_lp17_63=
    2    -1
   -2    -2
    0     2
    0     1
    0    -2
   -3    -2

r3_lp17_64=
    2    -1
   -3     0
    2     0
    1     0
   -3    -2

r3_lp17_65=
    2    -1
   -3    -2
    2     0
    1     0
   -2    -2

r3_lp17_66=
    2    -1
   -3    -2
    0     2
    0     1
    0    -2
   -3    -1

r3_lp17_67=
    2    -1
   -2    -2
    0     2
    0     1
    1    -1
   -3    -2

r3_lp17_68=
    2    -1
   -2    -2
    2     0
    1     1
   -2    -2

r3_lp17_69=
    2    -1
   -2    -2
    0     2
    0     1
    1    -2
   -3    -1

r3_lp17_70=
    2    -1
   -2    -3
   -1     2
    0     1
    1     0
   -2    -2

r3_lp17_71=
    2    -1
   -2    -3
    0     2
    0     1
    1     0
   -3    -1

r3_lp17_72=
    2    -1
   -2    -3
   -2     1
    2     0
    1     1
    0    -2
   -2    -1

r3_lp17_73=
    2    -1
   -2    -3
   -2     0
    1     0
    1     1
    0    -2
   -3    -2

r3_lp17_74=
    0    -2
   -2     0
    2     2
    1     0
   -2    -3
   -2     0

r3_lp17_75=
    0    -3
    0     2
    2     1
    0    -3
   -2     0

r3_lp17_76=
    0    -3
   -2     2
    2     1
    0    -2
   -2     0

r3_lp17_77=
    0    -3
   -2     0
    2     2
    1     0
   -2    -3
   -1     0

r3_lp17_78=
    0    -1
   -2    -2
    0     2
    2     1
    1    -1
   -2    -3
   -2     0

r3_lp17_79=
    0    -1
   -2    -2
    0     2
    2     1
    1     0
   -1    -3
   -2     0

r3_lp17_80=
    0    -1
   -2    -2
    2     2
    1     1
    0    -2
   -2     0

r3_lp17_81=
    0    -1
   -2    -2
    0     2
    2     1
    1     0
   -2    -3
   -1     0

r3_lp17_82=
    0    -1
   -3     0
    2     2
    1     1
    0    -3
   -1     0

r3_lp17_83=
    0    -1
   -3    -2
    1     2
    2     1
    1     0
   -2    -2
   -1     0

r3_lp17_84=
    0    -1
   -3    -2
    0     1
    2     1
    1     0
   -2    -3
   -2     0

r3_lp17_85=
    0    -2
   -2    -1
    0     2
    2     1
    1     0
   -2    -3
   -2     0

r3_lp17_86=
    0    -2
   -2     0
    2     2
    1     1
   -1    -3
   -1     0

r3_lp17_87=
    0    -2
   -2     1
    2     2
    1     1
   -2    -2
   -1     0

r3_lp17_88=
    0    -2
   -2     0
    1     2
    1     1
   -2    -3
   -2     0

r3_lp17_89=
    0    -2
   -3    -2
    0     2
    2     1
    1     0
   -1    -2
   -2     0

r3_lp17_90=
    0    -2
   -3     0
    1     2
    1     1
    0    -3
   -2     0

r3_lp17_91=
    0    -2
   -3    -2
    0     2
    2     1
    1     0
   -2    -2
   -1     0

r3_lp17_92=
    0    -2
   -3    -2
    1     2
    1     1
    0    -2
   -2     0

r3_lp17_93=
    0    -2
   -3    -2
    0     2
    1     1
    0    -2
   -3     0

r3_lp17_94=
    2    -2
   -2    -1
    0     2
    0     2
    1    -2
   -3    -2

r3_lp17_95=
    2    -2
   -2     0
    2     0
    2     0
   -3    -2

r3_lp17_96=
    2    -2
   -2    -1
    0     2
    0     2
    0    -2
   -3    -1

r3_lp17_97=
    2    -2
   -2     0
    1     0
    2    -1
   -3    -2

r3_lp17_98=
    2    -2
   -2     0
    2     0
    2    -2
   -2    -1

r3_lp17_99=
    2    -2
   -2     1
    0     2
   -2    -2

r3_lp17_100=
    2    -2
   -2     0
    0     2
   -2    -3

r3_lp17_101=
    2    -2
   -3     0
    2     0
    2     0
   -2    -2

r3_lp17_102=
    2    -2
   -3    -2
    1     2
    0     2
    0    -1
   -2    -2

r3_lp17_103=
    2    -2
   -3    -2
    0     1
    2     0
    2     0
   -1    -2
   -2    -1

r3_lp17_104=
    2    -2
   -3    -1
    0     2
    0     2
    0    -2
   -2    -1

r3_lp17_105=
    2    -2
   -3    -1
    1     0
    2     0
   -2    -2

r3_lp17_106=
    2    -2
   -3     0
    0     2
    0    -3

r3_lp17_107=
    2    -2
   -3    -2
   -1     2
    0     2
    0    -2
   -2    -1

r3_lp17_108=
    2    -2
   -3    -2
    0     0
    2     0
   -2    -2

r3_lp17_109=
    2    -1
   -2     0
    2     0
    2    -2
   -3    -2

r3_lp17_110=
    2    -1
   -2     0
    2     0
    2    -1
   -3    -2

r3_lp17_111=
    2    -1
   -2    -2
    2     0
    2    -1
   -2    -2

r3_lp17_112=
    2    -1
   -2    -2
    0     2
    0     2
   -1    -2
   -3    -1

r3_lp17_113=
    2    -1
   -2    -1
    0     2
    0     2
    0    -2
   -3    -2

r3_lp17_114=
    2    -1
   -2    -2
    0     2
    0     2
    0    -1
   -3    -1

r3_lp17_115=
    2    -1
   -2    -2
    1     2
    0     2
    0    -2
   -2    -1

r3_lp17_116=
    2    -1
   -2    -2
    0     1
    0     2
    0    -2
   -3    -2

r3_lp17_117=
    2    -1
   -2    -1
    0     2
    0     2
    1    -2
   -3    -2

r3_lp17_118=
    2    -1
   -2    -2
    0     2
    0     2
    1     0
   -3    -2

r3_lp17_119=
    2    -1
   -2    -2
   -1     0
    2     0
    2     1
    0    -2
   -3    -1

r3_lp17_120=
    2    -1
   -2    -2
    0     1
    0     2
    1    -1
   -3    -2

r3_lp17_121=
    2    -1
   -2    -2
    0     2
    0     2
    1    -2
   -2    -1

r3_lp17_122=
    2    -1
   -2    -2
    1     0
    2     1
   -2    -2

r3_lp17_123=
    2    -1
   -2    -2
    0     0
    2     1
   -2    -3

r3_lp17_124=
    2    -1
   -3     0
    0     2
    0    -3

r3_lp17_125=
    2    -1
   -3    -2
   -1     2
    0     2
    0    -2
   -2    -1

r3_lp17_126=
    2    -1
   -3    -2
    0     0
    2     0
   -2    -2

r3_lp17_127=
    2    -1
   -2    -1
    0     2
    0     2
    2    -2
   -3    -2

r3_lp17_128=
    2    -1
   -2    -2
    0     2
    0     2
    2     1
   -3    -2

r3_lp17_129=
    2    -1
   -2    -2
   -1     0
    2     0
    2     2
    1    -2
   -3    -1

r3_lp17_130=
    2    -1
   -2    -2
    0     2
    0     2
    2     0
   -3    -1

r3_lp17_131=
    2    -1
   -2    -2
   -1     0
    1     0
    2     2
    0    -2
   -3    -2

r3_lp17_132=
    2    -1
   -2    -2
    0     0
    2     2
   -1    -3

r3_lp17_133=
    2    -1
   -2    -2
   -1     2
    0     2
    2    -2
   -2    -1

r3_lp17_134=
    2    -1
   -2    -2
    0     0
    2     2
   -2    -2

r3_lp17_135=
    2    -1
   -2    -3
    1     2
    0     2
    2     0
   -2    -2

r3_lp17_136=
    2    -1
   -2    -3
    0     1
    2     0
    2     2
    0    -2
   -2    -1

r3_lp17_137=
    2    -1
   -2    -3
   -2     2
    0     2
    2     0
   -1    -2

r3_lp17_138=
    2    -1
   -2    -3
   -2     1
    2     0
    2     2
    0    -1
   -2    -1

r3_lp17_139=
    2    -1
   -2    -3
   -2     2
    0     2
    2     0
   -2    -1

r3_lp17_140=
    2    -1
   -2    -3
   -2    -1
    1     0
    2     2
    0    -2
   -2    -1

r3_lp17_141=
    1    -3
    0     2
    2     1
    0    -3
   -2     0

r3_lp17_142=
    1    -3
   -2     2
    2     1
    0    -2
   -2     0

r3_lp17_143=
    1    -3
   -2     0
    2     2
    1     0
   -2    -3
   -1     0

r3_lp17_144=
    1    -3
   -2     0
    2     2
    1     0
   -2    -3
   -2    -1

r3_lp17_145=
    0    -3
   -1     2
    2     1
    1     0
   -2    -2
    0     1

r3_lp17_146=
    0    -3
    0     2
    2     1
    1     0
   -3    -1
    0     1

r3_lp17_147=
    0    -3
    0     2
    2     1
    1     0
   -3    -2
   -1     1

r3_lp17_148=
    0    -3
   -2     1
    2     2
    1     1
    0    -2
   -2    -1
    0     1

r3_lp17_149=
    0    -3
   -2     2
    2     1
    1     0
   -2    -2
   -1     1

r3_lp17_150=
    0    -3
   -2     0
    1     2
    1     1
    0    -2
   -3    -2
    0     1

r3_lp17_151=
    0    -3
   -2     0
    2     1
    1     0
   -2    -3
   -1     1

r3_lp17_152=
    0    -3
   -2     0
    2     1
    1     0
   -2    -3
   -2     1

r3_lp17_153=
    1    -1
   -2     0
    2     2
    1     1
   -2    -3
   -2     0

r3_lp17_154=
    1    -1
   -2     0
    2     2
    1     1
   -1    -3
   -2     0

r3_lp17_155=
    1    -1
   -2    -2
    2     2
    1     1
   -1    -2
   -2     0

r3_lp17_156=
    1    -1
   -2    -2
    0     2
    2     1
    1    -1
   -2    -3
   -1     0

r3_lp17_157=
    1    -1
   -2    -2
    0     2
    2     1
    1    -1
   -2    -3
   -2    -1

r3_lp17_158=
    1    -1
   -2    -1
    0     2
    2     1
    1     0
   -2    -3
   -2     0

r3_lp17_159=
    1    -1
   -2    -2
   -1     2
    2     1
    1     0
   -1    -2
   -2     0

r3_lp17_160=
    1    -1
   -2    -2
    0     2
    2     1
    1     0
   -1    -3
   -1     0

r3_lp17_161=
    1    -1
   -3    -2
    0     2
    2     1
    1     0
   -1    -2
   -2     0

r3_lp17_162=
    1    -1
   -3    -1
    1     2
    2     1
    1     0
   -2    -2
   -1     0

r3_lp17_163=
    1    -1
   -3    -1
    2     2
    1     1
    0    -2
   -2    -1

r3_lp17_164=
    1    -1
   -3     0
    1     2
    1     1
    0    -3
   -2     0

r3_lp17_165=
    1    -1
   -3     0
    2     1
    1     0
   -3    -2

r3_lp17_166=
    1    -1
   -3    -2
    0     2
    2     1
    1     0
   -2    -2
   -1     0

r3_lp17_167=
    1    -1
   -3    -2
    1     2
    1     1
    0    -2
   -2    -1

r3_lp17_168=
    1    -1
   -3    -2
    2     1
    1     0
   -2    -2

r3_lp17_169=
    1    -1
   -3    -2
    0     2
    1     1
    0    -2
   -3     0

r3_lp17_170=
    1    -1
   -3    -2
    0     1
    1     1
    0    -2
   -3    -2

r3_lp17_171=
    1    -2
   -1     0
    2     2
    1     1
   -2    -3
   -2     0

r3_lp17_172=
    1    -2
   -2    -1
    2     2
    1     1
    0    -2
   -2     0

r3_lp17_173=
    1    -2
   -2    -1
    0     2
    2     1
    1     0
   -2    -3
   -1     0

r3_lp17_174=
    1    -2
   -2    -1
    0     2
    2     1
    1     0
   -2    -3
   -2    -1

r3_lp17_175=
    1    -2
   -2     0
    1     2
    1     1
   -1    -3
   -2     0

r3_lp17_176=
    1    -2
   -2     0
    2     1
    1    -1
   -3    -2

r3_lp17_177=
    1    -2
   -2     1
    2     1
    1    -2
   -2     0

r3_lp17_178=
    1    -2
   -2     2
    1     1
   -2    -2

r3_lp17_179=
    1    -2
   -3     0
    2     2
    1     1
    0    -2
   -2     0

r3_lp17_180=
    1    -2
   -3    -2
    1     2
    2     1
    1     0
   -1    -2
   -2     0

r3_lp17_181=
    1    -2
   -3    -2
    0     1
    2     2
    1     1
    0    -1
   -2    -2
   -1     0

r3_lp17_182=
    1    -2
   -3    -2
    0     2
    2     1
    1     0
   -1    -2
   -2    -1

r3_lp17_183=
    1    -2
   -3    -1
    0     2
    2     1
    1     0
   -2    -2
   -1     0

r3_lp17_184=
    1    -2
   -3    -1
    1     2
    1     1
    0    -2
   -2     0

r3_lp17_185=
    1    -2
   -3    -1
    2     1
    1     0
   -2    -2

r3_lp17_186=
    1    -2
   -3     0
    2     1
    1     0
   -3     0

r3_lp17_187=
    1    -2
   -3    -2
   -1     2
    2     1
    1     0
   -2    -2
   -1     0

r3_lp17_188=
    1    -2
   -1     0
    2     2
    1     2
   -2    -3
   -2     0

r3_lp17_189=
    1    -2
   -2    -1
    2     2
    1     2
    1    -2
   -2     0

r3_lp17_190=
    1    -2
   -2    -1
    0     2
    2     1
    2     1
   -2    -3
   -1     0

r3_lp17_191=
    1    -2
   -2    -1
    0     2
    2     1
    2     1
   -2    -3
   -2    -1

r3_lp17_192=
    1    -2
   -2    -1
    1     2
    2     1
    2     0
   -2    -2
   -1     0

r3_lp17_193=
    1    -2
   -2    -1
    2     2
    1     2
    0    -2
   -2    -1

r3_lp17_194=
    1    -2
   -2    -1
    0     1
    2     1
    2     0
   -2    -3
   -2     0

r3_lp17_195=
    1    -2
   -2    -1
    0     2
    1     2
    0    -2
   -3    -1

r3_lp17_196=
    1    -2
   -2    -1
    0     2
    1     2
    0    -2
   -3    -2

r3_lp17_197=
    1    -2
   -2    -1
    0     2
    2     1
    2    -1
   -2    -2
   -1     0

r3_lp17_198=
    1    -2
   -2    -1
    1     2
    1     2
   -1    -2
   -2    -1

r3_lp17_199=
    1    -2
   -2    -1
    2     1
    2    -1
   -2    -2

r3_lp17_200=
    1    -2
   -2     0
    2     1
    2    -1
   -3     0

r3_lp17_201=
    1    -2
   -2    -1
    2     2
    1     2
   -2    -2
   -1     0

r3_lp17_202=
    1    -2
   -2     0
    2     1
    2    -2
   -2     0

r3_lp17_203=
    1    -2
   -2     0
    2     1
    2    -2
   -2    -1

r3_lp17_204=
    1    -2
   -3     1
    2     2
    1     2
    0    -2
   -2     0

r3_lp17_205=
    1    -2
   -3     0
    1     2
    2     1
    2     0
   -2    -2
   -1     0

r3_lp17_206=
    1    -2
   -3     0
    2     2
    1     2
    0    -2
   -2    -1

r3_lp17_207=
    1    -2
   -3    -2
    2     2
    1     2
    0    -1
   -2     0

r3_lp17_208=
    1    -2
   -3    -2
    1     2
    2     1
    2     0
   -1    -2
   -1     0

r3_lp17_209=
    1    -2
   -3    -2
    1     2
    2     1
    2     0
   -1    -2
   -2    -1

r3_lp17_210=
    1    -2
   -3    -2
    0     2
    2     1
    2     0
   -1    -2
   -1     0

r3_lp17_211=
    1    -2
   -3    -2
    0     1
    2     1
    2     0
   -1    -2
   -2     0

r3_lp17_212=
    1    -2
   -3    -2
    0     1
    2     1
    2     0
   -1    -2
   -2    -1

r3_lp17_213=
    1    -2
   -3    -1
    2     2
    1     2
    0    -2
   -1     0

r3_lp17_214=
    1    -2
   -3    -1
    0     2
    1     2
    0    -2
   -2     0

r3_lp17_215=
    1    -2
   -3    -1
    0     2
    1     2
    0    -2
   -2    -1

r3_lp17_216=
    1    -2
   -3    -2
    2     2
    1     2
    0    -2
   -1     0

r3_lp17_217=
    1    -2
   -3    -2
   -1     1
    2     1
    2     0
   -2    -2
   -1     0

r3_lp17_218=
    1    -2
   -3    -2
   -1     2
    1     2
    0    -2
   -2    -1

r3_lp17_219=
    1    -1
   -1     0
    2     2
    1     2
   -2    -3
   -2     0

r3_lp17_220=
    1    -1
   -2     2
    2     1
    2    -2
   -2     0

r3_lp17_221=
    1    -1
   -2     0
    2     2
    1     2
   -2    -3
   -1     0

r3_lp17_222=
    1    -1
   -2     0
    2     2
    1     2
   -2    -3
   -2    -1

r3_lp17_223=
    1    -1
   -2    -1
    2     2
    1     2
   -1    -2
   -2     0

r3_lp17_224=
    1    -1
   -2     0
    2     2
    1     2
   -1    -3
   -1     0

r3_lp17_225=
    1    -1
   -2     0
    2     2
    1     2
   -1    -3
   -2    -1

r3_lp17_226=
    1    -1
   -2    -2
    1     2
    2     1
    2    -1
   -2    -2
   -1     0

r3_lp17_227=
    1    -1
   -2    -2
    2     2
    1     2
   -1    -2
   -2    -1

r3_lp17_228=
    1    -1
   -2    -2
    0     1
    2     1
    2    -1
   -2    -3
   -2     0

r3_lp17_229=
    1    -1
   -2    -1
    0     2
    2     1
    2     0
   -2    -3
   -1     0

r3_lp17_230=
    1    -1
   -2    -1
    0     2
    2     1
    2     0
   -2    -3
   -2    -1

r3_lp17_231=
    1    -1
   -2    -2
    0     2
    2     1
    2     0
   -1    -2
   -2     0

r3_lp17_232=
    1    -1
   -2    -2
   -1     1
    2     2
    1     2
    0    -1
   -2    -2
   -1     0

r3_lp17_233=
    1    -1
   -2    -2
   -1     2
    2     1
    2     0
   -1    -2
   -2    -1

r3_lp17_234=
    1    -1
   -2    -2
    0     1
    2     1
    2     0
   -1    -3
   -2     0

r3_lp17_235=
    1    -1
   -2    -2
    0     2
    2     1
    2     0
   -2    -2
   -1     0

r3_lp17_236=
    1    -1
   -2    -2
    0     2
    1     2
    0    -2
   -3     0

r3_lp17_237=
    1    -1
   -2     0
    2     2
    1     2
    1    -3
   -2     0

r3_lp17_238=
    1    -1
   -2    -1
    2     2
    1     2
    1    -2
   -2     0

r3_lp17_239=
    1    -1
   -2    -1
    0     2
    2     1
    2     1
   -2    -3
   -1     0

r3_lp17_240=
    1    -1
   -2    -2
    0     2
    2     1
    2     1
    0    -2
   -2     0

r3_lp17_241=
    1    -1
   -2    -2
    0     2
    2     1
    2     1
    0    -3
   -1     0

r3_lp17_242=
    1    -1
   -2    -2
    0     2
    2     1
    2     1
    0    -3
   -2    -1

r3_lp17_243=
    1    -1
   -2    -2
   -1     1
    2     2
    1     2
    1     0
   -2    -2
   -1     0

r3_lp17_244=
    1    -1
   -2    -2
   -1     2
    2     1
    2     1
    0    -2
   -2    -1

r3_lp17_245=
    1    -1
   -2    -2
   -1     0
    1     2
    1     2
    1     0
   -2    -3
   -2     0

r3_lp17_246=
    1    -1
   -2    -2
    1     2
    2     1
    2     1
   -1    -2
   -2     0

r3_lp17_247=
    1    -1
   -2    -2
    0     1
    2     2
    1     2
    1    -1
   -2    -2
   -1     0

r3_lp17_248=
    1    -1
   -2    -2
    0     2
    2     1
    2     1
   -1    -2
   -2    -1

r3_lp17_249=
    1    -1
   -2    -2
   -1     0
    2     2
    1     2
    1    -1
   -2    -2
   -1     0

r3_lp17_250=
    1    -1
   -2    -2
    0     2
    1     2
    1    -1
   -3     0

r3_lp17_251=
    1    -1
   -2    -2
   -1     2
    2     1
    2     1
   -2    -2
   -1     0

r3_lp17_252=
    1    -1
   -3     1
    2     2
    1     2
    0    -2
   -2     0

r3_lp17_253=
    1    -1
   -3     0
    1     2
    2     1
    2     0
   -2    -2
   -1     0

r3_lp17_254=
    1    -1
   -3    -2
    2     2
    1     2
    0    -1
   -2     0

r3_lp17_255=
    1    -1
   -3    -2
    1     2
    2     1
    2     0
   -1    -2
   -1     0

r3_lp17_256=
    1    -1
   -3    -2
    1     2
    2     1
    2     0
   -1    -2
   -2    -1

r3_lp17_257=
    1    -1
   -3    -2
    0     2
    2     1
    2     0
   -1    -2
   -1     0

r3_lp17_258=
    1    -1
   -3    -2
    0     1
    2     1
    2     0
   -1    -2
   -2     0

r3_lp17_259=
    1    -1
   -3    -1
    2     2
    1     2
    0    -2
   -1     0

r3_lp17_260=
    1    -1
   -3    -1
    0     2
    1     2
    0    -2
   -2     0

r3_lp17_261=
    1    -1
   -3    -2
    2     2
    1     2
    0    -2
   -1     0

r3_lp17_262=
    1    -1
   -3    -2
   -1     1
    2     1
    2     0
   -2    -2
   -1     0

r3_lp17_263=
    1    -1
   -2    -1
    0     2
    2     1
    2     2
   -1    -3
   -2     0

r3_lp17_264=
    1    -1
   -2    -1
    2     2
    1     2
    2    -2
   -2     0

r3_lp17_265=
    1    -1
   -2    -1
    0     2
    2     1
    2     2
   -2    -3
   -1     0

r3_lp17_266=
    1    -1
   -2    -1
    0     2
    2     1
    2     2
   -2    -3
   -2    -1

r3_lp17_267=
    1    -1
   -2    -2
   -1     0
    2     2
    1     2
    2     1
   -1    -2
   -2     0

r3_lp17_268=
    1    -1
   -2    -2
    0     2
    2     1
    2     2
    1    -3
   -1     0

r3_lp17_269=
    1    -1
   -2    -2
   -1     1
    2     2
    1     2
    2     1
   -2    -2
   -1     0

r3_lp17_270=
    1    -1
   -2    -2
   -1     2
    2     1
    2     2
    1    -2
   -2    -1

r3_lp17_271=
    1    -1
   -2    -2
   -1     0
    1     2
    1     2
    2     1
   -2    -3
   -2     0

r3_lp17_272=
    1    -1
   -2    -2
   -1     1
    2     2
    1     2
    2     0
   -1    -2
   -2     0

r3_lp17_273=
    1    -1
   -2    -2
   -1     0
    2     2
    1     2
    2     0
   -2    -2
   -1     0

r3_lp17_274=
    1    -1
   -2    -2
   -1     0
    2     1
    2     2
    0    -2
   -3     0

r3_lp17_275=
    1    -1
   -2    -2
    2     2
    1     2
    2    -1
   -2     0

r3_lp17_276=
    1    -1
   -2    -2
    1     2
    2     1
    2     2
   -1    -2
   -1     0

r3_lp17_277=
    1    -1
   -2    -2
   -1     2
    2     1
    2     2
   -1    -2
   -1     0

r3_lp17_278=
    1    -1
   -2    -2
    2     2
    1     2
    2    -2
   -1     0

r3_lp17_279=
    1    -1
   -2    -2
   -1     1
    2     1
    2     2
   -2    -2
   -1     0

r3_lp17_280=
    1    -1
   -2    -3
   -1     2
    2     1
    2     2
    0    -1
   -2     0

r3_lp17_281=
    1    -1
   -2    -3
   -2     2
    2     1
    2     2
    0    -1
   -1     0

r3_lp17_282=
    3    -3
    0     2
    0     0
   -3    -2

r3_lp17_283=
    3    -3
   -2     2
    0     0
   -2    -2

r3_lp17_284=
    3    -2
   -2     0
    2     0
    1    -1
   -3    -2

r3_lp17_285=
    3    -2
   -2     2
    0     1
   -2    -2

r3_lp17_286=
    3    -2
   -2     0
    0     1
   -2    -3

r3_lp17_287=
    3    -2
   -3    -1
    2     0
    1     0
   -2    -2

r3_lp17_288=
    3    -2
   -3     0
    0     1
    0    -3

r3_lp17_289=
    3    -2
   -3    -2
    1     0
    1     0
   -2    -2

r3_lp17_290=
    3    -1
   -3    -1
    2     0
    1     0
   -2    -2

r3_lp17_291=
    3    -1
   -3     0
    0     1
    0    -3

r3_lp17_292=
    3    -1
   -3    -2
    1     0
    1     0
   -2    -2

r3_lp17_293=
    3    -1
   -2    -2
   -1     0
    2     0
    1     1
    0    -2
   -3    -2

r3_lp17_294=
    3    -1
   -2    -2
   -1     2
    0     1
    1    -1
   -2    -2

r3_lp17_295=
    3    -1
   -2    -2
    0     0
    1     1
   -1    -3

r3_lp17_296=
    3    -1
   -2    -2
    1     0
    1     1
   -2    -2

r3_lp17_297=
    3    -1
   -2    -3
   -2     0
    2     0
    1     1
    0    -1
   -2    -2

r3_lp17_298=
    3    -1
   -2    -3
   -1     1
    0     1
    1     0
   -2    -2

r3_lp17_299=
    3    -1
   -2    -3
   -2     0
    2     0
    1     1
    0    -2
   -2    -1

r3_lp17_300=
    0    -3
   -1     2
    3     1
    0    -2
   -2     0

r3_lp17_301=
    0    -3
    0     3
    1     0
   -3     0

r3_lp17_302=
    0    -1
   -3    -2
    0     2
    3     1
    1     0
   -1    -2
   -2     0

r3_lp17_303=
    0    -1
   -3    -1
    1     3
    1     1
    0    -2
   -2     0

r3_lp17_304=
    0    -1
   -3    -2
    0     2
    3     1
    1     0
   -2    -2
   -1     0

r3_lp17_305=
    0    -2
   -1     0
    2     3
    1     1
   -2    -3
   -2     0

r3_lp17_306=
    0    -2
   -2     0
    2     3
    1     1
    0    -3
   -2     0

r3_lp17_307=
    0    -2
   -2    -1
    2     3
    1     1
    0    -2
   -2     0

r3_lp17_308=
    0    -2
   -2    -1
    0     3
    1     1
    0    -2
   -3     0

r3_lp17_309=
    0    -2
   -2     0
    2     3
    1     1
   -1    -2
   -2     0

r3_lp17_310=
    0    -2
   -2    -1
    1     3
    1     1
   -1    -2
   -2     0

r3_lp17_311=
    0    -2
   -2     0
    2     3
    1     1
   -2    -2
   -1     0

r3_lp17_312=
    0    -2
   -3     0
    2     3
    1     1
    0    -2
   -2     0

r3_lp17_313=
    0    -2
   -3    -2
    1     2
    3     1
    1     0
   -1    -2
   -2     0

r3_lp17_314=
    0    -2
   -3    -2
    0     1
    3     1
    1     0
   -1    -2
   -2     0

r3_lp17_315=
    0    -2
   -3    -1
    0     2
    3     1
    1     0
   -2    -2
   -1     0

r3_lp17_316=
    0    -2
   -3    -2
   -1     2
    3     1
    1     0
   -2    -2
   -1     0

r3_lp17_317=
    0    -2
   -3    -2
    0     3
    1     1
    0    -2
   -2     0

r3_lp17_318=
    3    -2
   -1     0
    2     0
    2    -2
   -3    -2

r3_lp17_319=
    3    -2
   -2     0
    2     0
    2     1
   -3    -2

r3_lp17_320=
    3    -2
   -2    -1
    2     0
    2     1
   -2    -2

r3_lp17_321=
    3    -2
   -2    -1
    0     0
    2     1
   -2    -3

r3_lp17_322=
    3    -2
   -2     0
    2     0
    2     0
   -2    -2

r3_lp17_323=
    3    -2
   -2     0
    0     2
    0    -3

r3_lp17_324=
    3    -2
   -2    -1
    1     0
    2     0
   -2    -2

r3_lp17_325=
    3    -2
   -2     1
    2     0
    2    -1
   -2    -2

r3_lp17_326=
    3    -2
   -2     0
    1     0
    2    -1
   -2    -2

r3_lp17_327=
    3    -2
   -2    -1
    0     2
    0     2
   -1    -2
   -2    -1

r3_lp17_328=
    3    -2
   -2    -1
    2     0
    2    -2
   -2    -1

r3_lp17_329=
    3    -2
   -2     0
    0     2
   -2    -2

r3_lp17_330=
    3    -2
   -3     1
    2     0
    2     0
   -2    -2

r3_lp17_331=
    3    -2
   -3     0
    1     0
    2     0
   -2    -2

r3_lp17_332=
    3    -2
   -3    -2
    2     0
    2     0
   -1    -2

r3_lp17_333=
    3    -2
   -3    -2
    1     0
    2     0
   -1    -2

r3_lp17_334=
    3    -2
   -3    -2
    0     2
    0     2
    0    -1
   -2    -1

r3_lp17_335=
    3    -2
   -3    -1
    2     0
    2     0
   -2    -1

r3_lp17_336=
    3    -2
   -3    -1
    0     0
    2     0
   -2    -2

r3_lp17_337=
    3    -2
   -3    -2
    2     0
    2     0
   -2    -1

r3_lp17_338=
    3    -2
   -3    -2
   -1     0
    2     0
   -2    -2

r3_lp17_339=
    1    -1
   -3    -2
    1     2
    3     1
    1     0
   -1    -2
   -2     0

r3_lp17_340=
    1    -1
   -3    -2
    0     1
    3     1
    1     0
   -1    -2
   -2     0

r3_lp17_341=
    1    -2
    0     2
    3     1
    1    -3
   -2     0

r3_lp17_342=
    1    -2
   -1     2
    3     1
    1    -2
   -2     0

r3_lp17_343=
    1    -2
   -1     0
    3     1
    1    -2
   -3     0

r3_lp17_344=
    1    -2
   -2     0
    3     1
    1     0
   -3     0

r3_lp17_345=
    1    -2
   -2    -1
    1     3
    1     1
    0    -2
   -2     0

r3_lp17_346=
    1    -2
   -2     1
    2     3
    1     1
   -1    -2
   -2     0

r3_lp17_347=
    1    -2
   -2     0
    1     3
    1     1
   -1    -2
   -2     0

r3_lp17_348=
    1    -2
   -2    -1
    0     2
    3     1
    1    -1
   -2    -2
   -1     0

r3_lp17_349=
    1    -2
   -2    -1
    2     3
    1     1
   -2    -2
   -1     0

r3_lp17_350=
    1    -2
   -2     0
    3     1
    1    -2
   -2     0

r3_lp17_351=
    1    -2
   -3     1
    2     3
    1     1
    0    -2
   -2     0

r3_lp17_352=
    1    -2
   -3    -2
    2     3
    1     1
    0    -1
   -2     0

r3_lp17_353=
    1    -2
   -3    -2
    1     3
    1     1
    0    -1
   -2     0

r3_lp17_354=
    1    -2
   -3    -2
    0     2
    3     1
    1     0
   -1    -2
   -1     0

r3_lp17_355=
    1    -2
   -3    -1
    2     3
    1     1
    0    -2
   -1     0

r3_lp17_356=
    1    -2
   -3    -1
    0     3
    1     1
    0    -2
   -2     0

r3_lp17_357=
    1    -2
   -3    -2
    2     3
    1     1
    0    -2
   -1     0

r3_lp17_358=
    1    -2
   -3    -2
   -1     3
    1     1
    0    -2
   -2     0

r3_lp17_359=
    1    -2
   -1     0
    2     3
    1     2
   -1    -3
   -2     0

r3_lp17_360=
    1    -2
   -1     2
    3     1
    2    -2
   -2     0

r3_lp17_361=
    1    -2
   -1     0
    3     1
    2    -2
   -3     0

r3_lp17_362=
    1    -2
   -2     0
    3     1
    2     1
   -3     0

r3_lp17_363=
    1    -2
   -2    -1
    1     3
    1     2
    1    -2
   -2     0

r3_lp17_364=
    1    -2
   -2     0
    1     3
    1     2
    0    -2
   -2     0

r3_lp17_365=
    1    -2
   -2    -1
    0     2
    3     1
    2     0
   -2    -2
   -1     0

r3_lp17_366=
    1    -2
   -2     2
    3     1
    2    -1
   -2     0

r3_lp17_367=
    1    -2
   -2     1
    3     1
    2    -1
   -2     0

r3_lp17_368=
    1    -2
   -2     0
    2     3
    1     2
   -1    -2
   -1     0

r3_lp17_369=
    1    -2
   -2    -1
    2     3
    1     2
   -1    -2
   -1     0

r3_lp17_370=
    1    -2
   -2    -1
    0     3
    1     2
   -1    -2
   -2     0

r3_lp17_371=
    1    -2
   -2     2
    3     1
    2    -2
   -1     0

r3_lp17_372=
    1    -2
   -2    -1
    3     1
    2    -2
   -2     0

r3_lp17_373=
    1    -2
   -3    -1
    2     3
    1     2
    0    -1
   -2     0

r3_lp17_374=
    1    -2
   -3     1
    3     1
    2     0
   -2     0

r3_lp17_375=
    1    -2
   -3     0
    2     3
    1     2
    0    -2
   -1     0

r3_lp17_376=
    1    -2
   -3    -2
    2     3
    1     2
    0    -1
   -1     0

r3_lp17_377=
    1    -2
   -3    -2
    0     3
    1     2
    0    -1
   -2     0

r3_lp17_378=
    1    -2
   -3    -1
    3     1
    2     0
   -2     0

r3_lp17_379=
    1    -2
   -3    -2
    1     3
    1     2
    0    -2
   -1     0

r3_lp17_380=
    3    -1
   -1     0
    0     2
   -2    -3

r3_lp17_381=
    3    -1
   -2     1
    0     2
   -2    -2

r3_lp17_382=
    3    -1
   -2     0
    2     0
    2    -1
   -2    -2

r3_lp17_383=
    3    -1
   -2    -1
    1     0
    2    -1
   -2    -2

r3_lp17_384=
    3    -1
   -2    -2
    0     2
    0     2
   -1    -2
   -2    -1

r3_lp17_385=
    3    -1
   -2     0
    0     2
    0    -3

r3_lp17_386=
    3    -1
   -2    -2
    1     2
    0     2
    0    -1
   -2    -2

r3_lp17_387=
    3    -1
   -2    -2
    0     1
    0     2
    0    -1
   -2    -2

r3_lp17_388=
    3    -1
   -2    -2
   -1     0
    2     0
    2     0
   -1    -2
   -2    -1

r3_lp17_389=
    3    -1
   -2    -2
   -1     2
    0     2
    0    -2
   -2    -1

r3_lp17_390=
    3    -1
   -2    -2
    0     0
    2     0
   -2    -2

r3_lp17_391=
    3    -1
   -2     0
    0     2
    1    -3

r3_lp17_392=
    3    -1
   -2    -1
    1     0
    2     1
   -2    -2

r3_lp17_393=
    3    -1
   -2    -2
   -1     0
    2     0
    2     1
    0    -2
   -2    -1

r3_lp17_394=
    3    -1
   -2    -2
    2     0
    2     1
   -1    -2

r3_lp17_395=
    3    -1
   -2    -2
    1     0
    2     1
   -1    -2

r3_lp17_396=
    3    -1
   -2    -2
    0     2
    0     2
    1    -1
   -2    -1

r3_lp17_397=
    3    -1
   -2    -2
   -1     2
    0     2
    1    -1
   -2    -1

r3_lp17_398=
    3    -1
   -2    -2
   -1     0
    0     2
    1    -1
   -2    -2

r3_lp17_399=
    3    -1
   -2    -2
    2     0
    2     1
   -2    -1

r3_lp17_400=
    3    -1
   -2    -2
   -1     0
    2     1
   -2    -2

r3_lp17_401=
    3    -1
   -3     1
    0     2
    0    -2

r3_lp17_402=
    3    -1
   -3    -2
    2     0
    2     0
   -1    -1

r3_lp17_403=
    3    -1
   -3    -2
    0     0
    2     0
   -1    -2

r3_lp17_404=
    3    -1
   -3    -1
    0     2
    0    -2

r3_lp17_405=
    3    -1
   -2    -1
    1     0
    2     2
   -2    -2

r3_lp17_406=
    3    -1
   -2    -2
   -1     0
    2     0
    2     2
    1    -2
   -2    -1

r3_lp17_407=
    3    -1
   -2    -2
   -1     2
    0     2
    2     0
   -2    -1

r3_lp17_408=
    3    -1
   -2    -2
   -1     0
    0     2
    2     0
   -2    -2

r3_lp17_409=
    3    -1
   -2    -2
    2     0
    2     2
   -1    -1

r3_lp17_410=
    3    -1
   -2    -2
    0     0
    2     2
   -1    -2

r3_lp17_411=
    2    -2
   -1     1
    3     1
    1    -2
   -2     0

r3_lp17_412=
    2    -2
   -2     0
    1     3
    1     1
    0    -2
   -2     0

r3_lp17_413=
    2    -2
   -2    -1
    0     2
    3     1
    1     0
   -2    -2
   -1     0

r3_lp17_414=
    2    -2
   -2     2
    3     1
    1    -1
   -2     0

r3_lp17_415=
    2    -2
   -2     1
    3     1
    1    -1
   -2     0

r3_lp17_416=
    2    -2
   -2     0
    2     3
    1     1
   -1    -2
   -1     0

r3_lp17_417=
    2    -2
   -2    -1
    2     3
    1     1
   -1    -2
   -1     0

r3_lp17_418=
    2    -2
   -2    -1
    0     3
    1     1
   -1    -2
   -2     0

r3_lp17_419=
    2    -2
   -2     2
    3     1
    1    -2
   -1     0

r3_lp17_420=
    2    -2
   -3     0
    2     3
    1     1
    0    -2
   -1     0

r3_lp17_421=
    2    -2
   -3    -2
    2     3
    1     1
    0    -1
   -1     0

r3_lp17_422=
    2    -2
   -1     1
    3     1
    2    -2
   -2     0

r3_lp17_423=
    2    -2
   -1     2
    1     2
   -2    -2

r3_lp17_424=
    2    -2
   -2    -1
    0     2
    3     1
    2     1
   -2    -2
   -1     0

r3_lp17_425=
    2    -2
   -2    -1
    1     2
    1     2
    1    -2
   -2    -1

r3_lp17_426=
    2     2
   -2    -2
   -1     0
    1     0
    1     2
    1    -2
   -3    -2

r3_lp17_427=
    2    -2
   -2     0
    2     3
    1     2
    0    -2
   -1     0

r3_lp17_428=
    2    -2
   -2     0
    1     2
    1     2
    0    -2
   -2    -1

r3_lp17_429=
    2     2
   -2    -2
    0     1
    0     1
    2     0
   -3    -2

r3_lp17_430=
    2    -2
   -2    -1
    2     3
    1     2
    0    -2
   -1     0

r3_lp17_431=
    2    -2
   -2    -1
    0     3
    1     2
    0    -2
   -2     0

r3_lp17_432=
    2    -2
   -2    -1
    0     2
    1     2
    0    -2
   -2    -1

r3_lp17_433=
    2     2
   -2    -2
   -1     1
    0     1
    2     0
   -2    -2

r3_lp17_434=
    2    -2
   -2    -1
    0     1
    1     2
    0    -2
   -3    -2

r3_lp17_435=
    2     2
   -2    -2
   -1     0
    0     1
    2     0
   -2    -3

r3_lp17_436=
    2    -2
   -2     2
    1     2
   -1    -2

r3_lp17_437=
    2    -2
   -2     1
    2     1
    2    -1
   -2    -1

r3_lp17_438=
    2    -2
   -2     0
    3     1
    2    -1
   -2     0

r3_lp17_439=
    2     2
   -2    -2
    0     1
    0     1
    2    -1
   -2    -2

r3_lp17_440=
    2    -2
   -2    -1
    2     1
    2    -1
   -2    -1

r3_lp17_441=
    2     2
   -2    -2
   -1     0
    0     1
    2    -1
   -2    -2

r3_lp17_442=
    2    -2
   -2    -1
    1     1
    2    -1
   -2    -2

r3_lp17_443=
    2    -2
   -2     2
    1     2
   -2    -1

r3_lp17_444=
    2    -2
   -3     0
    3     1
    2     0
   -2     0

r3_lp17_445=
    2    -2
   -3     0
    2     1
    2     0
   -2    -1

r3_lp17_446=
    2     2
   -2    -3
    0     1
    0     1
    2     0
   -2    -2

r3_lp17_447=
    2     2
   -2    -3
   -2     1
    0     1
    2     0
   -1    -2

r3_lp17_448=
    2     2
   -2    -3
   -2     0
    0     1
    2     0
   -1    -2

r3_lp17_449=
    2    -2
   -3    -2
    0     1
    1     2
    0    -1
   -2    -2

r3_lp17_450=
    2    -1
   -2     1
    2     3
    1     2
   -1    -2
   -2     0

r3_lp17_451=
    2    -1
   -2     0
    1     3
    1     2
   -1    -2
   -2     0

r3_lp17_452=
    2    -1
   -2     0
    2     1
    2    -1
   -2    -2

r3_lp17_453=
    2    -1
   -2    -1
    0     2
    3     1
    2    -1
   -2    -2
   -1     0

r3_lp17_454=
    2    -1
   -2    -1
    1     2
    1     2
   -1    -2
   -2    -1

r3_lp17_455=
    2     2
   -1    -2
    0     1
    0     1
    2    -1
   -3    -2

r3_lp17_456=
    2    -1
   -2    -2
   -1     2
    3     1
    2    -1
   -2    -2
   -1     0

r3_lp17_457=
    2    -1
   -2    -2
    0     3
    1     2
   -1    -2
   -2     0

r3_lp17_458=
    2    -1
   -2    -2
    0     2
    1     2
   -1    -2
   -2    -1

r3_lp17_459=
    2     2
   -1    -2
   -2     1
    0     1
    2    -1
   -2    -2

r3_lp17_460=
    2     2
   -1    -2
   -2     0
    0     1
    2    -1
   -2    -3

r3_lp17_461=
    2    -1
   -2     0
    2     1
    2     0
   -3    -1

r3_lp17_462=
    2     2
   -1    -2
   -1     0
    1     0
    1     2
    0    -2
   -3    -2

r3_lp17_463=
    2    -1
   -2    -2
    1     3
    1     2
    0    -1
   -2     0

r3_lp17_464=
    2    -1
   -2    -2
    1     2
    1     2
    0    -1
   -2    -2

r3_lp17_465=
    2    -1
   -2    -2
    0     2
    3     1
    2     0
   -1    -2
   -1     0

r3_lp17_466=
    2    -1
   -2    -2
    0     1
    2     1
    2     0
   -1    -2
   -2    -1

r3_lp17_467=
    2    -1
   -2    -2
   -1     2
    3     1
    2     0
   -1    -2
   -1     0

r3_lp17_468=
    2    -1
   -2    -2
   -1     0
    3     1
    2     0
   -1    -2
   -2     0

r3_lp17_469=
    2    -1
   -2    -2
   -1     0
    2     1
    2     0
   -1    -2
   -2    -1

r3_lp17_470=
    2     2
   -1    -2
   -2    -1
    1     0
    1     2
    0    -1
   -2    -2

r3_lp17_471=
    2     2
   -1    -2
   -2     0
    0     1
    2     0
   -1    -3

r3_lp17_472=
    2    -1
   -2    -2
   -1     2
    1     2
    0    -2
   -2    -1

r3_lp17_473=
    2     2
   -1    -2
   -2     0
    0     1
    2     0
   -2    -2

r3_lp17_474=
    2    -1
   -2    -1
    0     2
    3     1
    2     1
   -2    -2
   -1     0

r3_lp17_475=
    2    -1
   -2    -1
    1     2
    1     2
    1    -2
   -2    -1

r3_lp17_476=
    2    -1
   -2    -2
    0     2
    3     1
    2     1
    0    -2
   -1     0

r3_lp17_477=
    2    -1
   -2    -2
    0     1
    2     1
    2     1
    0    -2
   -2    -1

r3_lp17_478=
    2     2
   -1    -2
   -2     0
    1     0
    1     2
    1     0
   -3    -2

r3_lp17_479=
    2    -1
   -2    -2
   -1     0
    3     1
    2     1
    0    -2
   -2     0

r3_lp17_480=
    2    -1
   -2    -2
   -1     0
    2     1
    2     1
    0    -2
   -2    -1

r3_lp17_481=
    2     2
   -1    -2
   -2    -1
    1     0
    1     2
    1     0
   -2    -2

r3_lp17_482=
    2     2
   -1    -2
   -2    -1
    0     0
    1     2
    1     0
   -2    -3

r3_lp17_483=
    2    -1
   -2    -2
    1     2
    1     2
    1    -1
   -2    -1

r3_lp17_484=
    2    -1
   -2    -2
    0     3
    1     2
    1    -1
   -2     0

r3_lp17_485=
    2     2
   -1    -2
   -2     0
    1     0
    1     2
    1    -1
   -2    -2

r3_lp17_486=
    2    -1
   -2    -2
   -1     2
    1     2
    1    -1
   -2    -1

r3_lp17_487=
    2     2
   -1    -2
   -2    -1
    0     0
    1     2
    1    -1
   -2    -2

r3_lp17_488=
    2    -1
   -3     0
    3     1
    2     0
   -2     0

r3_lp17_489=
    2    -1
   -3     0
    2     1
    2     0
   -2    -1

r3_lp17_490=
    2     2
   -1    -3
    0     1
    0     1
    2     0
   -2    -2

r3_lp17_491=
    2     2
   -1    -3
   -2     0
    0     1
    2     0
   -1    -2

r3_lp17_492=
    2    -1
   -2    -2
   -1     0
    3     1
    2     2
    1    -2
   -2     0

r3_lp17_493=
    2    -1
   -2    -2
   -1     0
    2     1
    2     2
    1    -2
   -2    -1

r3_lp17_494=
    2    -1
   -2    -2
    0     3
    1     2
    2     0
   -2     0

r3_lp17_495=
    2     2
   -1    -2
   -2     0
    1     0
    1     2
    2     0
   -2    -2

r3_lp17_496=
    2     2
   -1    -2
   -2     0
    0     1
    2     2
    0    -3

r3_lp17_497=
    2     2
   -1    -2
   -2    -1
    0     0
    1     2
    2     0
   -2    -2

r3_lp17_498=
    2     2
   -1    -2
   -3     0
    0     1
    2     2
    0    -2

r3_lp17_499=
    0    -2
    0     3
    2     0
   -3     0

r3_lp17_500=
    0    -2
   -2     0
    2     3
    2     2
    0    -1
   -2    -1
    0     1

r3_lp17_501=
    0    -2
   -2     0
    1     3
    2     0
   -1    -2
   -2     0

r3_lp17_502=
    0    -2
   -2    -1
    0     2
    3     2
    0    -1
   -2    -2
   -1     0

r3_lp17_503=
    0    -3
    0     2
    3     2
    2     0
   -2    -1
    0     1

r3_lp17_504=
    0    -3
    0     1
    2     2
    2     0
   -2    -2
   -1     1

r3_lp17_505=
    0    -3
   -2     0
    2     2
    2     0
   -1    -2
   -1     1

r3_lp17_506=
    0    -3
   -2     0
    2     3
    2     0
   -1    -2
   -1     0

r3_lp17_507=
    0    -3
   -2     0
    1     2
    2     2
    0    -1
   -2    -2
    0     1

r3_lp17_508=
    0    -2
   -2    -1
    0     3
    2     2
    1     0
   -2    -2
    0     1

r3_lp17_509=
    0    -1
   -2    -2
    0     1
    2     2
    2     2
    0    -1
   -2    -2
    0     1

r3_lp17_510=
    0    -1
   -2    -2
    0     1
    2     2
    2     2
    0    -1
   -2    -2
   -1     0

r3_lp17_511=
    0    -1
   -2    -2
   -1     0
    3     2
    2     0
   -1    -2
   -2     0

r3_lp17_512=
    0    -1
   -2    -2
   -1     0
    2     2
    2     2
    0    -1
   -2    -2
   -1     0
