r3_lp13_1=
    1    -2
   -3    -2
    2    -1
    1     0
   -2    -2

r3_lp13_2=
    0    -3
   -2     2
    0     0
   -2    -2

r3_lp13_3=
    0    -2
   -2     2
    0     1
   -2    -2

r3_lp13_4=
    0    -2
   -3    -1
    2     0
    1     0
   -2    -2

r3_lp13_5=
    0    -2
   -3    -2
    1     1
    0     1
    0    -2
   -2    -1

r3_lp13_6=
   -1    -3
   -1     2
    1     0
   -2    -2

r3_lp13_7=
   -1    -3
   -2     1
    1     1
    0    -2
   -2    -1

r3_lp13_8=
   -1    -2
   -2    -1
    2     1
    1    -1
   -2    -2

r3_lp13_9=
    0     2
   -1    -2
   -3    -2
   -2    -2
    1     1
    0    -1

r3_lp13_10=
   -1    -2
   -3    -1
    1     1
    1     1
    0    -2
   -2    -1

r3_lp13_11=
    0     1
   -1    -2
   -3    -2
   -2    -1
    1     1
    0    -2

r3_lp13_12=
    0    -1
   -2    -3
   -2     1
    0     1
    1     0
   -2    -2

r3_lp13_13=
    1     2
   -2    -3
   -2    -2
   -2     2
    0    -1

r3_lp13_14=
    0     1
    1    -2
   -3    -2
   -2    -2
   -1     2
    0    -1

r3_lp13_15=
    0     2
   -2    -3
   -2    -2
    2     0

r3_lp13_16=
    0    -2
   -3    -1
    1     0
    2     0
   -2    -2

r3_lp13_17=
    0     1
   -2    -3
   -1    -2
   -1     2
    0    -2

r3_lp13_18=
   -1    -2
   -3    -2
    1     1
    2     0
   -2    -2

r3_lp13_19=
    0    -2
   -3    -2
    0     0
    2     0
   -2    -2

r3_lp13_20=
    1    -2
   -3    -2
   -1    -1
    2     0
   -2    -2

r3_lp13_21=
   -1    -3
   -2     2
    2     0
    0    -2
   -2    -1

r3_lp13_22=
    0    -2
   -2     2
    2     0
    0    -2
   -2    -1

r3_lp13_23=
    0    -3
   -1     2
    2     0
    0    -2
   -2    -1

r3_lp13_24=
    0    -3
   -2     1
    2     0
    0    -2
   -2    -1

r3_lp13_25=
   -1     2
    2    -2
   -2    -2
   -2    -1
    1    -1

r3_lp13_26=
    1     2
   -2    -2
   -2    -1
    1    -2

r3_lp13_27=
    0     2
    2    -2
   -3    -2
   -2    -2
   -1     1
    0    -1

r3_lp13_28=
    1     2
   -2    -3
   -1    -2
   -1     1
    0    -2

r3_lp13_29=
    0     2
   -2    -3
   -2    -2
   -1     1
    0    -2

r3_lp13_30=
   -1    -2
   -2     2
    2     1
   -1    -2
   -2    -1

r3_lp13_31=
   -1    -2
   -2    -1
    2     2
    1     0
   -1    -2
   -2    -1

r3_lp13_32=
   -1    -2
   -2     1
    2     1
    0    -2
   -2    -1

r3_lp13_33=
    0     2
    2    -1
   -3    -2
   -2    -2
   -1     1
    0    -1

r3_lp13_34=
   -1    -3
   -1     1
    2     1
    0    -2
   -2    -1

r3_lp13_35=
    0     2
   -1    -3
   -2    -2
   -1     1
    0    -2

r3_lp13_36=
   -1    -2
   -2    -1
    2     2
    1     1
    0    -2
   -2    -1

r3_lp13_37=
    0     2
    2    -1
   -2    -2
   -2    -2
   -1     1
    1    -1

r3_lp13_38=
   -1    -2
   -2    -1
    1     2
    1     1
   -1    -2
   -2    -1

r3_lp13_39=
    0     2
   -1    -2
   -2    -2
   -1     1
    1    -2

r3_lp13_40=
   -1    -2
   -3    -2
    1     2
    2     1
    1     0
   -1    -2
   -2    -1

r3_lp13_41=
    0     1
    2    -1
   -2    -3
   -2    -2
   -2    -1
    1     1
    0    -1

r3_lp13_42=
    0     2
    2    -1
   -2    -3
   -2    -2
   -1     1
    1     0

r3_lp13_43=
    0     2
   -1    -2
   -3    -1
   -2    -1
    1     1
    0    -2

r3_lp13_44=
   -1    -2
   -3    -2
   -1     2
    1     1
    0    -2
   -2    -1

r3_lp13_45=
    1     2
    2    -2
   -2    -2
   -2    -1
    2    -1

r3_lp13_46=
    0     1
    2    -2
   -2    -2
   -2    -1
    2    -1

r3_lp13_47=
    0     2
    2    -2
   -2    -2
   -2    -1
    2     0

r3_lp13_48=
    0     2
   -2    -2
   -1    -2
   -1     2
   -1    -2

r3_lp13_49=
    1     2
   -2    -2
   -1    -2
   -1     2
    0    -2

r3_lp13_50=
   -1     2
    2    -2
   -2    -2
   -2    -1
    2     1

r3_lp13_51=
   -1     2
   -2    -2
   -2    -1
    2    -2

r3_lp13_52=
    2    -2
   -3    -2
    2    -1
    2     0
   -1    -2

r3_lp13_53=
    1     2
   -2    -3
   -2    -2
   -1     2
    0    -1

r3_lp13_54=
    1     2
    2    -2
   -3    -2
   -2    -1
    2     0

r3_lp13_55=
    0     2
   -2    -3
   -2    -2
   -1     2
    0    -1

r3_lp13_56=
    0     1
    2    -2
   -3    -2
   -2    -1
    2     0

r3_lp13_57=
   -1     2
   -2    -3
   -2    -1
    2     0

r3_lp13_58=
    2    -2
   -3    -2
   -1     2
    0    -2

r3_lp13_59=
    1    -1
   -2    -2
    2     2
    0     0
   -1    -2
   -2    -1

r3_lp13_60=
    1    -2
   -2    -1
    2     2
    0     0
   -1    -2
   -2    -1

r3_lp13_61=
    1    -2
   -2    -1
    2     2
    0     1
    0    -2
   -2    -1

r3_lp13_62=
    1    -2
   -2    -1
    1     2
    0     1
   -1    -2
   -2    -1

r3_lp13_63=
    1    -2
   -2     0
    2     0
    1    -2
   -2    -1

r3_lp13_64=
    1    -2
   -3     0
    2     2
    0     1
    0    -2
   -2    -1

r3_lp13_65=
    1    -2
   -3    -2
    1     2
    2     0
    1     0
   -1    -2
   -2    -1

r3_lp13_66=
    1    -2
   -3    -1
    0     2
    0     1
    0    -2
   -2    -1

r3_lp13_67=
    1    -2
   -3    -2
   -1     2
    0     1
    0    -2
   -2    -1

r3_lp13_68=
    1    -2
   -3    -2
    0     1
    0     1
    0    -2
   -2    -1

r3_lp13_69=
    1    -1
   -2     2
    2     0
    1    -2
   -2    -1

r3_lp13_70=
    1    -1
   -2    -2
    1     2
    0     1
   -1    -2
   -2    -1

r3_lp13_71=
    1    -1
   -2    -2
    0     2
    2     0
    1     0
   -1    -2
   -2    -1

r3_lp13_72=
    1    -1
   -2    -2
    0     2
    0     1
    0    -2
   -2    -1

r3_lp13_73=
    1    -1
   -3     0
    2     2
    0     1
    0    -2
   -2    -1

r3_lp13_74=
    1    -1
   -3    -2
    1     2
    2     0
    1     0
   -1    -2
   -2    -1

r3_lp13_75=
    1    -1
   -3    -2
    0     1
    2     0
    1     0
   -1    -2
   -2    -1

r3_lp13_76=
    1    -1
   -3    -1
    0     2
    0     1
    0    -2
   -2    -1

r3_lp13_77=
    1    -1
   -3    -2
   -1     2
    0     1
    0    -2
   -2    -1

r3_lp13_78=
    1    -1
   -2    -2
    0     2
    2     0
    1     1
    0    -2
   -2    -1

r3_lp13_79=
    1    -1
   -2    -2
   -1     1
    2     0
    1     1
    0    -2
   -2    -1

r3_lp13_80=
    1    -1
   -2    -2
    1     2
    2     0
    1     1
   -1    -2
   -2    -1

r3_lp13_81=
    1    -1
   -2    -2
    0     1
    2     0
    1     1
   -1    -2
   -2    -1

r3_lp13_82=
    1    -1
   -2    -2
   -1     0
    2     0
    1     1
   -1    -2
   -2    -1

r3_lp13_83=
    1    -1
   -2    -2
   -1     2
    0     1
    1    -2
   -2    -1

r3_lp13_84=
    1    -1
   -2    -3
    0     2
    0     1
    1     0
   -2    -2

r3_lp13_85=
    1    -1
   -2    -3
   -1     2
    0     1
    1     0
   -2    -1

r3_lp13_86=
    1    -1
   -2    -3
   -2     2
    0     1
    1     0
   -2    -1

r3_lp13_87=
    1    -2
   -2    -1
    1     2
    0     2
    1    -2
   -2    -1

r3_lp13_88=
    1    -2
   -2     0
    1     2
    0     2
    0    -2
   -2    -1

r3_lp13_89=
    1    -2
   -2     2
    0     2
   -2    -1

r3_lp13_90=
    1    -2
   -3    -1
    2     2
    0     2
    0    -1
   -2    -1

r3_lp13_91=
    1    -2
   -3     1
    2     0
    2     0
   -2    -1

r3_lp13_92=
    1    -2
   -3     1
    2     0
    2     0
   -2    -2

r3_lp13_93=
    1    -2
   -3     0
    2     0
    2     0
   -2    -1

r3_lp13_94=
    1    -2
   -3     0
    1     0
    2     0
   -2    -2

r3_lp13_95=
    1    -2
   -3    -2
    2     0
    2     0
   -1    -2

r3_lp13_96=
    1    -2
   -3    -2
    1     0
    2     0
   -1    -2

r3_lp13_97=
    1    -2
   -3    -2
    0     1
    0     2
    0    -1
   -2    -1

r3_lp13_98=
    0    -1
   -2     2
    2     1
    0    -2
   -2    -1

r3_lp13_99=
    0    -3
    0     2
    2     1
    0    -2
   -2    -1

r3_lp13_100=
    0    -3
   -2     1
    2     2
    1     0
   -1    -2
   -2    -1

r3_lp13_101=
    0    -3
   -2     0
    2     1
    1     0
   -1    -2
   -2     0

r3_lp13_102=
    0    -3
   -1     0
    2     1
    0    -2
   -2    -1

r3_lp13_103=
    0    -3
   -1     2
    1     0
   -2    -2

r3_lp13_104=
    0    -3
   -2    -1
    2     1
    0    -2
   -2    -1

r3_lp13_105=
    0    -3
   -2     1
    1     1
    0    -2
   -2    -1

r3_lp13_106=
    0    -1
   -2     1
    2     1
    1    -2
   -2    -1

r3_lp13_107=
    0    -1
   -2     2
    1     1
    1    -2
   -2     0

r3_lp13_108=
    0    -1
   -2    -2
    0     2
    1     1
   -1    -2
   -2    -1

r3_lp13_109=
    0    -1
   -2    -2
   -1     2
    1     1
    0    -2
   -2    -1

r3_lp13_110=
    0    -1
   -3     0
    2     1
    1     1
    0    -2
   -2     0

r3_lp13_111=
    0    -1
   -3    -2
    2     2
    1     1
    0    -1
   -2    -1

r3_lp13_112=
    0    -1
   -3    -2
    1     2
    1     1
    1     0
   -1    -2
   -2     0

r3_lp13_113=
    0    -1
   -3    -2
    0     2
    1     1
    0    -1
   -2    -2

r3_lp13_114=
    0    -1
   -3    -2
    2     1
    1     0
   -2    -1

r3_lp13_115=
    0    -1
   -3    -2
    1     1
    1     0
   -2    -2

r3_lp13_116=
    0    -2
   -2     2
    1     1
   -2    -1

r3_lp13_117=
    0    -2
   -3     0
    2     1
    1     0
   -2    -2

r3_lp13_118=
    0    -2
   -3    -2
    2     1
    1     1
    0    -1
   -2     0

r3_lp13_119=
    0    -2
   -3    -2
    1     2
    1     1
    0    -1
   -2    -2

r3_lp13_120=
    0    -2
   -3     2
    2     1
    2     0
   -2    -1

r3_lp13_121=
    0    -2
   -3    -1
    2     1
    1     2
    0    -1
   -2     0

r3_lp13_122=
    0    -2
   -3     1
    1     1
    2     0
   -2     0

r3_lp13_123=
    0    -2
   -3     1
    2     1
    2     0
   -2    -2

r3_lp13_124=
    0    -2
   -3     0
    1     1
    1     2
    0    -2
   -1     0

r3_lp13_125=
    0    -2
   -3     0
    1     1
    1     2
    0    -2
   -2    -1

r3_lp13_126=
    0    -2
   -3    -2
    2     1
    2     0
   -1    -2

r3_lp13_127=
    0    -2
   -3    -2
    1     1
    1     2
    0    -1
   -2    -1

r3_lp13_128=
    0    -2
   -3    -2
    0     1
    1     2
    0    -1
   -2     0

r3_lp13_129=
    0    -2
   -3    -2
    0     1
    1     2
    0    -1
   -2    -1

r3_lp13_130=
    0    -2
   -3    -2
    0     1
    1     2
    0    -1
   -2    -2

r3_lp13_131=
    0    -2
   -3    -1
    1     1
    2     0
   -2     0

r3_lp13_132=
    0    -2
   -3    -1
    1     1
    2     0
   -2    -1

r3_lp13_133=
    0    -2
   -3    -2
    0     1
    1     2
    0    -2
   -1     0

r3_lp13_134=
    0    -2
   -3    -2
    1     1
    2     0
   -2    -1

r3_lp13_135=
    0     2
   -1    -2
   -2    -1
    2    -2

r3_lp13_136=
   -1    -2
   -2    -1
    2     2
   -1    -2
   -2    -1

r3_lp13_137=
   -1    -3
    2     2
    2     0
   -2    -1

r3_lp13_138=
    1    -1
   -3    -1
    2     0
    2     0
   -1    -2

r3_lp13_139=
    1    -1
   -3     1
    0     2
    0    -2

r3_lp13_140=
    0    -1
   -3     1
    2     1
    2     0
   -2    -2

r3_lp13_141=
    0    -1
   -3    -2
    2     1
    2     0
   -1    -2

r3_lp13_142=
    0    -1
   -3    -2
    1     1
    1     2
    0    -1
   -2    -1

r3_lp13_143=
   -1    -3
   -2     1
    2     2
    0    -1
   -2    -2

r3_lp13_144=
    0    -1
   -3    -2
    0     1
    1     2
    0    -1
   -2    -1

r3_lp13_145=
    0     1
    1    -1
   -3    -2
   -2    -2
   -1     2
    0    -1

r3_lp13_146=
    0     2
   -1    -3
   -2    -2
    2     0

r3_lp13_147=
    1    -1
   -3    -1
    0     2
    0    -2

r3_lp13_148=
    0    -1
   -3    -2
    1     1
    2     0
   -2    -1

r3_lp13_149=
    1    -1
   -2    -3
    2     0
    2     2
    0    -2

r3_lp13_150=
    0    -1
   -2    -3
   -1     2
    1     2
    2     0
   -1    -2

r3_lp13_151=
   -1    -2
   -3     1
    2     2
    2     0
   -2    -2

r3_lp13_152=
   -1    -2
   -3    -2
    2     2
    2     0
   -1    -2

r3_lp13_153=
    1    -1
   -2    -3
   -2     1
   -1     2
    2     0
   -1    -2

r3_lp13_154=
    0    -1
   -2    -3
   -2     1
    1     2
    2     0
   -1    -2

r3_lp13_155=
    0     1
   -2    -3
   -2    -3
   -2     2
    0    -2

r3_lp13_156=
    0    -2
   -3    -2
    0     1
    0     1
    0    -2
   -3    -2

r3_lp13_157=
    0    -3
   -2     0
    1     1
    0    -2
   -3     0

r3_lp13_158=
    2    -3
    0     2
    0     0
   -2    -2

r3_lp13_159=
    2    -3
   -2     1
    2     0
    0    -1
   -2    -2

r3_lp13_160=
    2    -3
   -2     0
    1     2
    0     0
   -1    -2
   -2    -1

r3_lp13_161=
    2    -3
    0     0
    0    -3

r3_lp13_162=
    2    -3
   -2    -1
    2     0
    0    -2
   -2    -1

r3_lp13_163=
    2    -2
   -1     0
    2     0
    1    -2
   -3    -1

r3_lp13_164=
    2    -2
   -2    -1
    0     1
    0     1
    0    -2
   -3    -2

r3_lp13_165=
    2    -2
   -2     0
    0     1
   -1    -3

r3_lp13_166=
    2    -2
   -2    -1
    2     0
    1    -2
   -2    -1

r3_lp13_167=
    2    -2
   -3     1
    2     0
    1     0
   -2    -2

r3_lp13_168=
    2    -2
   -3     0
    1     2
    0     1
    0    -2
   -2    -1

r3_lp13_169=
    2    -2
   -3    -2
    2     0
    1     0
   -1    -2

r3_lp13_170=
    2    -2
   -3    -2
    1     2
    0     1
    0    -1
   -2    -1

r3_lp13_171=
    2    -2
   -3    -2
    0     2
    0     1
    0    -1
   -2    -1

r3_lp13_172=
    2    -2
   -3    -2
    0     1
    0     1
    0    -1
   -2    -2

r3_lp13_173=
    2    -2
   -3    -1
    2     0
    1     0
   -2    -1

r3_lp13_174=
    2    -2
   -3    -1
    0     0
    1     0
   -2    -2

r3_lp13_175=
    2    -2
   -3    -2
    2     0
    1     0
   -2    -1

r3_lp13_176=
    2    -2
   -3    -2
   -1     1
    0     1
    0    -2
   -2    -1

r3_lp13_177=
    2    -1
   -2     1
    2     0
    1    -2
   -2    -1

r3_lp13_178=
    2    -1
   -2     0
    1     0
    1    -2
   -3    -2

r3_lp13_179=
    2    -1
   -2    -1
    0     1
    0     1
    0    -2
   -3    -2

r3_lp13_180=
    2    -1
   -3     0
    1     2
    0     1
    0    -2
   -2    -1

r3_lp13_181=
    2    -1
   -3    -2
    2     0
    1     0
   -1    -2

r3_lp13_182=
    2    -1
   -3    -2
    1     2
    0     1
    0    -1
   -2    -1

r3_lp13_183=
    2    -1
   -3    -2
    2     0
    1     0
   -2    -1

r3_lp13_184=
    2    -1
   -2    -1
    0     1
    0     1
    1    -2
   -3    -2

r3_lp13_185=
    2    -1
   -2    -2
   -1     0
    0     1
    1     0
   -2    -3

r3_lp13_186=
    2    -1
   -2    -3
   -1     2
    0     1
    1     0
   -1    -2

r3_lp13_187=
    2    -1
   -2    -3
    0     2
    0     1
    1     0
   -2    -1

r3_lp13_188=
    2    -1
   -2    -3
    0     1
    0     1
    1     0
   -2    -2

r3_lp13_189=
    2    -1
   -2    -3
   -2     2
    0     1
    1     0
   -1    -1

r3_lp13_190=
    2    -1
   -2    -3
   -2     1
    0     1
    1     0
   -1    -2

r3_lp13_191=
    2    -1
   -2    -3
   -2     0
    0     1
    1     0
   -1    -2

r3_lp13_192=
    2    -1
   -2    -3
   -1     1
    0     1
    1     0
   -2    -1

r3_lp13_193=
    2    -1
   -2    -3
   -2     1
    0     1
    1     0
   -2    -1

r3_lp13_194=
    2    -1
   -2    -3
   -2    -1
    0     1
    1     0
   -2    -2

r3_lp13_195=
    0    -3
   -2     2
    2     1
    0    -2
   -1     0

r3_lp13_196=
    0    -2
   -1     0
    2     1
    1    -2
   -3     0

r3_lp13_197=
    0    -2
   -3     2
    2     1
    1     0
   -2     0

r3_lp13_198=
    0    -2
   -3    -1
    2     2
    1     1
    0    -1
   -1     0

r3_lp13_199=
    0    -2
   -3     1
    2     1
    1     0
   -2     0

r3_lp13_200=
    0    -2
   -3    -2
    2     1
    1     0
   -2     0

r3_lp13_201=
    2    -2
    0     2
    0     2
   -3    -1

r3_lp13_202=
    2    -2
   -1     0
    1     0
    2    -1
   -3    -2

r3_lp13_203=
    2    -2
   -1     0
    0     2
   -2    -3

r3_lp13_204=
    2    -2
   -2     0
    2    -2

r3_lp13_205=
    2    -1
   -1     0
    2     0
    2     1
   -3    -2

r3_lp13_206=
    2    -1
   -1     0
    2     0
    2     0
   -3    -1

r3_lp13_207=
    2    -1
   -1     0
    1     0
    2    -1
   -3    -2

r3_lp13_208=
    2    -1
   -1     0
    0     2
   -2    -3

r3_lp13_209=
    2    -1
   -2    -1
    2     0
    2    -2
   -2    -1

r3_lp13_210=
    2    -1
   -2    -2
    2     0
    2    -1
   -2    -1

r3_lp13_211=
    2    -1
   -2     0
    0     2
    0    -3

r3_lp13_212=
    2    -1
   -2     0
    0     2
    1    -3

r3_lp13_213=
    2    -1
   -2     0
    1     0
    2     2
   -3    -2

r3_lp13_214=
    2    -1
   -2    -1
    0     0
    2     2
   -1    -3

r3_lp13_215=
    1    -3
    1     2
    2     1
    0    -2
   -2     0

r3_lp13_216=
    1    -3
    0     1
    2     2
    1     0
   -2    -2
   -1     0

r3_lp13_217=
    1    -3
    0     2
    2     1
    0    -2
   -2    -1

r3_lp13_218=
    1    -3
   -2     2
    2     1
    0    -1
   -2     0

r3_lp13_219=
    1    -3
   -2     1
    2     2
    1     0
   -1    -2
   -1     0

r3_lp13_220=
    1    -3
   -2     1
    2     2
    1     0
   -1    -2
   -2    -1

r3_lp13_221=
    1    -3
   -2     0
    2     2
    1     0
   -1    -2
   -1     0

r3_lp13_222=
    1    -3
   -2     0
    2     1
    0    -1
   -2    -2

r3_lp13_223=
    1    -3
   -1     2
    2     1
    0    -2
   -1     0

r3_lp13_224=
    1    -3
   -2     2
    2     1
    0    -2
   -1     0

r3_lp13_225=
    1    -3
   -2    -1
    2     1
    0    -2
   -2    -1

r3_lp13_226=
    1     1
   -3    -2
    0     0
    1     0
   -2    -3

r3_lp13_227=
    0    -3
   -1     2
    2     1
    1     0
   -1    -2
    0     1

r3_lp13_228=
    0    -3
    1     2
    2     1
    1     0
   -2    -1
    0     1

r3_lp13_229=
    0    -3
    1     2
    2     1
    1     0
   -2    -2
   -1     1

r3_lp13_230=
    0    -3
    0     2
    2     1
    1     0
   -2    -1
    0     1

r3_lp13_231=
    0    -3
   -2     2
    2     1
    1     0
   -1    -1
    0     1

r3_lp13_232=
    0    -3
   -2     2
    2     1
    1     0
   -1    -2
   -1     1

r3_lp13_233=
    0    -3
   -2     1
    2     1
    1     0
   -1    -2
   -2     1

r3_lp13_234=
    1    -1
   -3     2
    2     1
    1     0
   -2     0

r3_lp13_235=
    1    -1
   -3    -1
    2     2
    1     1
    0    -1
   -1     0

r3_lp13_236=
    1    -1
   -3    -1
    2     2
    1     1
    0    -1
   -2    -1

r3_lp13_237=
    1    -1
   -3    -2
    2     1
    1     0
   -1    -2

r3_lp13_238=
    1    -2
   -3     2
    2     1
    1     0
   -2    -1

r3_lp13_239=
    1    -2
   -1     2
    2     1
    2    -2
   -1     0

r3_lp13_240=
    1    -2
   -1     0
    2     1
    2    -2
   -2    -1

r3_lp13_241=
    1    -2
   -2    -1
    2     1
    2     1
   -2    -1

r3_lp13_242=
    1    -1
   -2     2
    2     1
    2    -2
   -1     0

r3_lp13_243=
    1    -1
   -2     2
    2     1
    2    -1
   -2    -1

r3_lp13_244=
    1    -1
   -2     0
    2     1
    2     2
   -3     0

r3_lp13_245=
    3    -3
    1     2
    0     0
   -2    -2

r3_lp13_246=
    3    -3
   -2     2
    0     0
   -1    -2

r3_lp13_247=
    3    -3
   -2     1
    0     0
   -1    -2

r3_lp13_248=
    3    -3
   -2     0
    2     0
    0    -1
   -2    -1

r3_lp13_249=
    3    -2
    0     0
    1    -3

r3_lp13_250=
    3    -2
   -1     1
    0     1
   -2    -2

r3_lp13_251=
    3    -2
   -2    -1
    0     2
    0     1
    0    -2
   -2    -1

r3_lp13_252=
    3    -2
   -2     2
    0     1
   -1    -2

r3_lp13_253=
    3    -2
   -2     1
    0     1
   -1    -2

r3_lp13_254=
    3    -2
   -2     0
    2     0
    1    -1
   -2    -1

r3_lp13_255=
    3    -2
   -2    -1
    2     0
    1    -1
   -2    -1

r3_lp13_256=
    3    -2
   -2    -1
    0     0
    1    -1
   -2    -2

r3_lp13_257=
    3    -2
   -2     2
    0     1
   -2    -1

r3_lp13_258=
    3    -2
   -2    -1
    0     1
   -2    -2

r3_lp13_259=
    3    -2
   -3    -1
    2     0
    1     0
   -1    -2

r3_lp13_260=
    3    -2
   -3     1
    0     1
    0    -2

r3_lp13_261=
    3    -2
   -3     0
    2     0
    1     0
   -2    -1

r3_lp13_262=
    3    -2
   -3    -2
    2     0
    1     0
   -1    -1

r3_lp13_263=
    3    -2
   -3    -2
    0     0
    1     0
   -1    -2

r3_lp13_264=
    3    -2
   -3    -1
    0     1
    0    -2

r3_lp13_265=
    3    -2
   -3    -2
    1     0
    1     0
   -2    -1

r3_lp13_266=
    3    -1
   -3    -1
    2     0
    1     0
   -1    -2

r3_lp13_267=
    3    -1
   -3     1
    0     1
    0    -2

r3_lp13_268=
    3    -1
   -3     0
    2     0
    1     0
   -2    -1

r3_lp13_269=
    3    -1
   -3    -2
    2     0
    1     0
   -1    -1

r3_lp13_270=
    3    -1
   -2    -1
    0     2
    0     1
    1    -2
   -2    -1

r3_lp13_271=
    3    -1
   -2    -2
   -1     2
    0     1
    1     0
   -2    -1

r3_lp13_272=
    3    -1
   -2    -2
   -1     0
    0     1
    1     0
   -2    -2

r3_lp13_273=
    3    -1
   -2    -2
    2     0
    1     1
   -1    -1

r3_lp13_274=
    3    -1
   -2    -2
    0     0
    1     1
   -1    -2

r3_lp13_275=
    3    -1
   -2    -2
   -1     0
    1     1
   -1    -2

r3_lp13_276=
    3    -1
   -2    -2
    1     0
    1     1
   -2    -1

r3_lp13_277=
    3    -1
   -2    -3
    2     0
    1     1
    0    -2

r3_lp13_278=
    3    -1
   -2    -3
   -1     2
    0     1
    1     0
   -1    -1

r3_lp13_279=
    3    -1
   -2    -3
    0     0
    1     1
    0    -2

r3_lp13_280=
    3    -1
   -2    -3
   -2     1
    0     1
    1     0
   -1    -1

r3_lp13_281=
    3    -1
   -2    -3
   -2     0
    1     1
    0    -2

r3_lp13_282=
    0    -3
   -2     2
    3     1
    0    -1
   -1     0

r3_lp13_283=
    0    -1
   -3    -1
    2     3
    1     1
    0    -1
   -1     0

r3_lp13_284=
    0    -2
   -1     2
    3     1
    1    -2
   -1     0

r3_lp13_285=
    0    -2
   -1     0
    3     1
    1    -2
   -2     0

r3_lp13_286=
    0    -2
   -2    -1
    3     1
    1     0
   -2     0

r3_lp13_287=
    0    -2
   -2     1
    3     1
    1    -1
   -1     0

r3_lp13_288=
    0    -2
   -2     3
    1     1
   -2     0

r3_lp13_289=
    0    -2
   -3     0
    2     3
    1     1
    0    -1
   -1     0

r3_lp13_290=
    0    -2
   -3    -1
    1     3
    1     1
    0    -1
   -1     0

r3_lp13_291=
    0    -2
   -3    -2
    0     3
    1     1
    0    -1
   -1     0

r3_lp13_292=
    3    -2
   -1     2
    0     2
   -2    -1

r3_lp13_293=
    3    -2
   -1     0
    0     2
   -2    -2

r3_lp13_294=
    3    -2
   -2    -1
    0     2
    1    -2

r3_lp13_295=
    1    -2
   -1     3
    1     1
   -2     0

r3_lp13_296=
    1    -2
   -1     3
    1     2
   -2     0

r3_lp13_297=
    2    -1
   -2     1
    1     2
   -1    -2
