r3_lp23_1=
    1    -1
   -2    -3
   -2     0
    2     2
    1     2
    2     0
   -2    -3
   -2     0

r3_lp23_2=
    1    -2
   -3    -2
    0     2
    3     1
    2     0
   -2    -3
   -2     0

r3_lp23_3=
    3    -1
   -3    -2
    0     2
    0     2
    0    -2
   -3    -2

r3_lp23_4=
    3    -1
   -2    -2
    0     2
    0     2
    2    -2
   -3    -2

r3_lp23_5=
    3    -1
   -2    -3
    0     2
    0     2
    2     0
   -3    -2

r3_lp23_6=
    3    -1
   -2    -3
   -2     2
    0     2
    2     0
   -2    -2

r3_lp23_7=
    3    -1
   -2    -3
   -2     0
    0     2
    2     0
   -2    -3

r3_lp23_8=
    2    -2
   -3    -2
    0     2
    3     1
    1     0
   -2    -3
   -2     0

r3_lp23_9=
    2    -2
   -2     0
    2     3
    1     2
   -2    -3
   -2     0

r3_lp23_10=
    2    -2
   -3     0
    2     3
    1     2
    0    -3
   -2     0

r3_lp23_11=
    2    -2
   -3    -2
    2     3
    1     2
    0    -2
   -2     0

r3_lp23_12=
    2    -2
   -3    -2
    0     3
    1     2
    0    -2
   -3     0

r3_lp23_13=
    2    -2
   -3    -2
    0     2
    1     2
    0    -2
   -3    -2

r3_lp23_14=
    2    -1
   -2    -2
    0     2
    3     1
    2     1
   -2    -3
   -2     0

r3_lp23_15=
    2    -1
   -3     0
    2     3
    1     2
    0    -3
   -2     0

r3_lp23_16=
    2    -1
   -3    -2
    2     3
    1     2
    0    -2
   -2     0

r3_lp23_17=
    2    -1
   -3    -2
    0     3
    1     2
    0    -2
   -3     0

r3_lp23_18=
    2    -1
   -3    -2
    0     2
    1     2
    0    -2
   -3    -2

r3_lp23_19=
    2    -1
   -2    -2
    0     2
    3     1
    2     2
   -1    -3
   -2     0

r3_lp23_20=
    2    -1
   -2    -2
    2     3
    1     2
    2    -2
   -2     0

r3_lp23_21=
    2    -1
   -2    -2
    0     3
    1     2
    2    -2
   -3     0

r3_lp23_22=
    2    -1
   -2    -2
    0     2
    1     2
    2    -2
   -3    -2

r3_lp23_23=
    2    -1
   -2    -3
   -1     2
    3     1
    2     2
    0    -2
   -2     0

r3_lp23_24=
    2    -1
   -2    -3
    0     3
    1     2
    2     0
   -3     0

r3_lp23_25=
    2    -1
   -2    -3
    0     2
    1     2
    2     0
   -3    -2

r3_lp23_26=
    2    -1
   -2    -3
   -2     1
    3     1
    2     2
    0    -2
   -2     0

r3_lp23_27=
    2    -1
   -2    -3
   -2     2
    1     2
    2     0
   -2    -2

r3_lp23_28=
    2    -1
   -2    -3
   -2     0
    2     1
    2     2
    0    -2
   -3    -1

r3_lp23_29=
    0    -3
   -2     0
    2     3
    2     2
    0    -2
   -3    -2
    0     1

r3_lp23_30=
    0    -2
   -2     0
    2     3
    2     2
    1    -2
   -3    -2
    0     1

r3_lp23_31=
    0    -2
   -3     0
    2     3
    2     2
    1     0
   -3    -2
    0     1

r3_lp23_32=
    0    -2
   -3    -2
    2     3
    2     2
    1     0
   -2    -2
    0     1

r3_lp23_33=
    0    -1
   -2    -2
    0     2
    3     2
    2     2
    0    -2
   -3    -2
    0     1

r3_lp23_34=
    0    -1
   -2    -2
    0     2
    3     2
    2     2
    1    -1
   -3    -2
    0     1

r3_lp23_35=
    0    -1
   -2    -2
    2     3
    2     2
    2     1
   -2    -2
    0     1

r3_lp23_36=
    0    -1
   -2    -2
    0     3
    2     2
    2     1
   -2    -3
    0     1

r3_lp23_37=
    0    -1
   -2    -2
    0     2
    2     2
    2     1
   -2    -3
   -2     1

r3_lp23_38=
    0    -1
   -2    -2
    0     2
    3     2
    2     1
   -2    -3
   -2     0

r3_lp23_39=
    0    -1
   -3    -1
    2     3
    2     2
    2     0
   -2    -2
    0     1

r3_lp23_40=
    0    -1
   -3     0
    3     2
    2     2
    0    -3
    0     1

r3_lp23_41=
    0    -1
   -3     0
    2     2
    2     2
    0    -3
   -2     1

r3_lp23_42=
    0    -1
   -3     0
    2     3
    2     2
    0    -3
   -2     0

r3_lp23_43=
    0    -1
   -3    -2
    1     3
    2     2
    2     0
   -2    -2
    0     1

r3_lp23_44=
    0    -1
   -3    -2
    2     2
    2     2
    0    -2
   -2     1

r3_lp23_45=
    0    -1
   -3    -2
    2     3
    2     2
    0    -2
   -2     0

r3_lp23_46=
    0    -1
   -3    -2
    0     2
    2     2
    2     0
   -2    -3
   -1     1

r3_lp23_47=
    0    -1
   -3    -2
    0     3
    2     2
    0    -2
   -3     0

r3_lp23_48=
    0    -1
   -3    -2
    0     2
    2     2
    2     0
   -2    -3
   -2     0

r3_lp23_49=
    0    -2
   -2    -1
    0     2
    3     2
    2     2
    0    -2
   -3    -2
    0     1

r3_lp23_50=
    0    -2
   -2    -1
    2     3
    2     2
    2    -1
   -2    -2
    0     1

r3_lp23_51=
    0    -2
   -2     0
    3     2
    2     2
   -1    -3
    0     1

r3_lp23_52=
    0    -2
   -2     0
    2     2
    2     2
   -1    -3
   -2     1

r3_lp23_53=
    0    -2
   -2     0
    2     3
    2     2
   -1    -3
   -2     0

r3_lp23_54=
    0    -2
   -2     1
    3     2
    2     2
   -2    -2
    0     1

r3_lp23_55=
    0    -2
   -2     2
    2     2
    2    -2
   -2     1

r3_lp23_56=
    0    -2
   -2     2
    3     2
    2    -2
   -2     0

r3_lp23_57=
    0    -2
   -2     0
    2     2
    2     2
   -2    -3
   -1     1

r3_lp23_58=
    0    -2
   -2     0
    3     2
    2    -2
   -3     0

r3_lp23_59=
    0    -2
   -2     0
    2     2
    2     2
   -2    -3
   -2     0

r3_lp23_60=
    0    -2
   -3    -2
    0     2
    3     2
    2     2
    0    -1
   -2    -2
    0     1

r3_lp23_61=
    0    -2
   -3    -1
    1     3
    2     2
    2     0
   -2    -2
    0     1

r3_lp23_62=
    0    -2
   -3    -1
    2     2
    2     2
    0    -2
   -2     1

r3_lp23_63=
    0    -2
   -3    -1
    2     3
    2     2
    0    -2
   -2     0

r3_lp23_64=
    0    -2
   -3     0
    2     2
    2     2
    0    -3
   -1     1

r3_lp23_65=
    0    -2
   -3     0
    3     2
    2     0
   -3     0

r3_lp23_66=
    0    -2
   -3     0
    2     2
    2     2
    0    -3
   -2     0

r3_lp23_67=
    0    -2
   -3    -2
    0     2
    3     2
    2     2
    0    -2
   -2    -1
    0     1

r3_lp23_68=
    0    -2
   -3    -2
    1     2
    2     2
    2     0
   -2    -2
   -1     1

r3_lp23_69=
    0    -2
   -3    -2
    1     3
    2     2
    0    -2
   -2     0

r3_lp23_70=
    1    -1
   -2    -2
   -1     2
    3     2
    2     1
   -1    -2
   -2     0

r3_lp23_71=
    1    -1
   -2    -2
    0     3
    2     2
    1    -1
   -3     0

r3_lp23_72=
    1    -1
   -2    -2
    1     3
    2     2
    1    -2
   -2     0

r3_lp23_73=
    1    -1
   -2    -2
    2     2
    2     2
    1    -2
   -2     1

r3_lp23_74=
    1    -1
   -3    -1
    1     3
    2     2
    0    -2
   -2     0

r3_lp23_75=
    1    -2
   -2    -1
    2     2
    2     2
   -1    -2
   -2     1
