r3_lp25_1=
    2    -1
   -2    -3
   -2     0
    2     3
    1     2
    2     0
   -2    -3
   -2     0

r3_lp25_2=
    0    -1
   -3    -2
    0     2
    3     2
    2     2
    0    -2
   -3    -2
    0     1

r3_lp25_3=
    0    -2
   -2     0
    2     3
    2     2
    2    -2
   -3    -2
    0     1

r3_lp25_4=
    0    -2
   -3     0
    2     3
    2     2
    2     0
   -3    -2
    0     1

r3_lp25_5=
    0    -2
   -3    -2
    2     3
    2     2
    2     0
   -2    -2
    0     1

r3_lp25_6=
    0    -2
   -3    -2
    0     3
    2     2
    2     0
   -2    -3
    0     1

r3_lp25_7=
    0    -2
   -3    -2
    0     2
    2     2
    2     0
   -2    -3
   -2     1

r3_lp25_8=
    0    -2
   -3    -2
    0     2
    3     2
    2     0
   -2    -3
   -2     0

r3_lp25_9=
    1    -1
   -2    -2
    0     2
    3     2
    2     1
   -2    -3
   -2     0

r3_lp25_10=
    1    -1
   -3     0
    2     3
    2     2
    0    -3
   -2     0

r3_lp25_11=
    1    -1
   -3    -2
    2     3
    2     2
    0    -2
   -2     0

r3_lp25_12=
    1    -2
   -2     0
    2     3
    2     2
   -1    -3
   -2     0

r3_lp25_13=
    1    -2
   -2     2
    3     2
    2    -2
   -2     0

r3_lp25_14=
    1    -2
   -2     0
    3     2
    2    -2
   -3     0

r3_lp25_15=
    1    -2
   -2     0
    2     2
    2     2
   -2    -3
   -2     1

r3_lp25_16=
    1    -2
   -3    -1
    2     3
    2     2
    0    -2
   -2     0

r3_lp25_17=
    1    -2
   -3     0
    3     2
    2     0
   -3     0

r3_lp25_18=
    1    -2
   -3     0
    2     2
    2     2
    0    -3
   -2     1

r3_lp25_19=
    1    -2
   -3    -2
    1     3
    2     2
    0    -2
   -2     0

r3_lp25_20=
    2    -2
   -2     2
    2     2
   -2    -2

r3_lp25_21=
    0    -3
    0     3
    3     0
   -3     0
