r3_lp15_1=
   -1    -2
   -3    -2
    2     1
    1     0
   -2    -2

r3_lp15_2=
   -2    -2
    2     2
   -2    -2

r3_lp15_3=
   -1     2
   -2    -3
   -2    -2
    2     0

r3_lp15_4=
    1    -2
   -3    -2
    1    -1
    2     0
   -2    -2

r3_lp15_5=
   -2    -3
   -2     2
    2     1
    0    -2
   -2    -1

r3_lp15_6=
   -1    -3
   -2     2
    2     1
    0    -2
   -2    -1

r3_lp15_7=
   -1    -2
   -2     2
    2     1
    1    -2
   -2    -1

r3_lp15_8=
   -1    -2
   -3    -1
    2     2
    1     1
    0    -2
   -2    -1

r3_lp15_9=
   -1    -2
   -3    -2
    1     2
    1     1
    0    -2
   -2    -1

r3_lp15_10=
   -1     2
    2    -2
   -2    -2
   -2    -1
    2    -1

r3_lp15_11=
    1     2
   -2    -2
   -2    -1
    2    -2

r3_lp15_12=
    0     2
    2    -2
   -3    -2
   -2    -2
   -1     2
    0    -1

r3_lp15_13=
    1     2
   -2    -3
   -1    -2
   -1     2
    0    -2

r3_lp15_14=
    0     2
   -2    -3
   -2    -2
   -1     2
    0    -2

r3_lp15_15=
    1    -3
   -2     2
    2     0
    0    -2
   -2    -1

r3_lp15_16=
    1    -2
   -2     2
    2     0
    1    -2
   -2    -1

r3_lp15_17=
    1    -2
   -3    -1
    2     2
    0     1
    0    -2
   -2    -1

r3_lp15_18=
    1    -2
   -3    -2
    1     2
    0     1
    0    -2
   -2    -1

r3_lp15_19=
    1    -2
   -3    -2
    2     0
    1     0
   -2    -2

r3_lp15_20=
    1    -1
   -2    -2
    2     2
    0     1
    0    -2
   -2    -1

r3_lp15_21=
    1    -1
   -3    -1
    2     2
    0     1
    0    -2
   -2    -1

r3_lp15_22=
    1    -1
   -3    -2
    1     2
    0     1
    0    -2
   -2    -1

r3_lp15_23=
    1    -1
   -2    -2
   -1     2
    2     0
    1     1
   -1    -2
   -2    -1

r3_lp15_24=
    1    -1
   -2    -2
    1     2
    0     1
    1    -2
   -2    -1

r3_lp15_25=
    1    -1
   -2    -3
   -2     0
    2     2
    0     1
    1     0
   -1    -2
   -2    -1

r3_lp15_26=
    1    -1
   -2    -3
   -1     1
    2     0
    1     1
    0    -2
   -2    -1

r3_lp15_27=
    1    -1
   -2    -3
   -1     2
    0     1
    1     0
   -2    -2

r3_lp15_28=
    1    -1
   -2    -3
   -2     0
    2     0
    1     1
    0    -2
   -2    -1

r3_lp15_29=
    1    -2
   -2    -1
    2     2
    0     2
    0    -2
   -2    -1

r3_lp15_30=
    1    -2
   -2     0
    2     2
    0     2
   -1    -2
   -2    -1

r3_lp15_31=
    1    -2
   -2    -1
    1     2
    0     2
   -1    -2
   -2    -1

r3_lp15_32=
    1    -2
   -2     0
    2     0
    2    -2
   -2    -1

r3_lp15_33=
    1    -2
   -3     0
    2     2
    0     2
    0    -2
   -2    -1

r3_lp15_34=
    1    -2
   -3    -2
    1     2
    2     0
    2     0
   -1    -2
   -2    -1

r3_lp15_35=
    1    -2
   -3    -2
    0     1
    2     0
    2     0
   -1    -2
   -2    -1

r3_lp15_36=
    1    -2
   -3    -2
    0     2
    0     2
    0    -1
   -2    -2

r3_lp15_37=
    1    -2
   -3    -1
    0     2
    0     2
    0    -2
   -2    -1

r3_lp15_38=
    1    -2
   -3    -1
    1     0
    2     0
   -2    -2

r3_lp15_39=
    1    -2
   -3    -2
   -1     2
    0     2
    0    -2
   -2    -1

r3_lp15_40=
    0    -2
   -2     2
    2     1
    0    -2
   -2    -1

r3_lp15_41=
    0    -3
   -1     2
    2     1
    0    -2
   -2    -1

r3_lp15_42=
    0    -3
   -2     1
    2     1
    0    -2
   -2    -1

r3_lp15_43=
    0    -3
   -2     2
    1     1
    0    -2
   -2     0

r3_lp15_44=
    0    -1
   -2    -2
    2     2
    1     1
   -1    -2
   -2    -1

r3_lp15_45=
    0    -1
   -2    -2
    1     2
    1     1
    0    -2
   -2    -1

r3_lp15_46=
    0    -1
   -2    -2
    2     1
    1     1
    0    -2
   -2     0

r3_lp15_47=
    0    -1
   -3    -2
    0     2
    2     1
    1     0
   -1    -2
   -2    -1

r3_lp15_48=
    0    -1
   -3    -1
    1     2
    1     1
    0    -2
   -2    -1

r3_lp15_49=
    0    -1
   -3    -1
    2     1
    1     1
    0    -2
   -2     0

r3_lp15_50=
    0    -1
   -3    -2
    0     2
    1     1
    0    -2
   -2    -1

r3_lp15_51=
    0    -1
   -3    -2
    1     1
    1     1
    0    -2
   -2     0

r3_lp15_52=
    0    -1
   -3    -2
    2     1
    1     0
   -2    -2

r3_lp15_53=
    0    -2
   -2    -1
    2     2
    1     1
    0    -2
   -2    -1

r3_lp15_54=
    0    -2
   -2     0
    2     2
    1     1
   -1    -2
   -2    -1

r3_lp15_55=
    0    -2
   -2     0
    2     1
    1    -2
   -2    -1

r3_lp15_56=
    0    -2
   -2     1
    1     1
    1    -2
   -2     0

r3_lp15_57=
    0    -2
   -3     0
    2     2
    1     1
    0    -2
   -2    -1

r3_lp15_58=
    0    -2
   -3    -2
    1     2
    2     1
    1     0
   -1    -2
   -2    -1

r3_lp15_59=
    0    -2
   -3    -2
    0     2
    1     1
    1     0
   -1    -2
   -2     0

r3_lp15_60=
    0    -2
   -3    -1
    2     1
    1     0
   -2    -2

r3_lp15_61=
    0    -2
   -3    -2
   -1     2
    1     1
    0    -2
   -2    -1

r3_lp15_62=
    0    -2
   -3    -2
    0     1
    1     1
    1     0
   -2    -2
   -1     0

r3_lp15_63=
    0    -2
   -3    -2
    1     1
    1     1
    0    -2
   -2    -1

r3_lp15_64=
    0    -2
   -2    -1
    1     2
    1     2
    0    -2
   -2    -1

r3_lp15_65=
    0    -2
   -2    -1
    2     1
    1     2
    0    -2
   -2     0

r3_lp15_66=
    0    -2
   -2    -1
    2     1
    2    -2
   -2    -1

r3_lp15_67=
    0    -2
   -3     1
    2     2
    1     2
    0    -2
   -2    -1

r3_lp15_68=
    0    -2
   -3     0
    1     2
    1     2
    0    -2
   -2    -1

r3_lp15_69=
    0    -2
   -3     0
    2     1
    1     2
    0    -2
   -2     0

r3_lp15_70=
    0    -2
   -3    -2
    2     2
    1     2
    0    -1
   -2    -1

r3_lp15_71=
    0    -2
   -3    -2
    1     2
    1     2
    0    -1
   -2    -1

r3_lp15_72=
    0    -2
   -3    -2
    1     2
    1     1
    2     0
   -1    -2
   -2     0

r3_lp15_73=
    0    -2
   -3    -2
    0     2
    1     2
    0    -1
   -2    -1

r3_lp15_74=
    0    -2
   -3    -2
    0     1
    1     1
    2     0
   -1    -2
   -2     0

r3_lp15_75=
    0    -2
   -3    -2
    0     2
    1     2
    0    -1
   -2    -2

r3_lp15_76=
    0    -2
   -3    -1
    2     1
    2     0
   -2    -1

r3_lp15_77=
    0    -2
   -3    -1
    0     1
    1     1
    2     0
   -2    -2
   -1     0

r3_lp15_78=
    0    -2
   -3    -1
    1     1
    1     2
    0    -2
   -2    -1

r3_lp15_79=
    0    -2
   -3    -2
    2     1
    2     0
   -2    -1

r3_lp15_80=
    0    -2
   -3    -2
   -1     1
    1     1
    2     0
   -2    -2
   -1     0

r3_lp15_81=
    0    -2
   -3    -2
    0     1
    1     2
    0    -2
   -2     0

r3_lp15_82=
    0    -2
   -3    -2
    0     1
    1     2
    0    -2
   -2    -1

r3_lp15_83=
    0    -2
   -3    -2
    1     1
    2     0
   -2    -2

r3_lp15_84=
   -1    -2
    2     2
    2    -2
   -2    -1

r3_lp15_85=
   -1    -2
   -2     1
    2     2
   -1    -2
   -2    -1

r3_lp15_86=
    0     2
   -1    -2
   -2    -2
   -1     2
    0    -2

r3_lp15_87=
   -1    -3
    1     2
    2     2
    0    -2
   -2    -1

r3_lp15_88=
   -1    -3
   -2     2
    2     2
    0    -1
   -2    -1

r3_lp15_89=
   -1    -3
   -2     1
    2     2
    0    -1
   -2    -1

r3_lp15_90=
    1    -1
   -3    -2
    1     2
    0     2
    0    -1
   -2    -2

r3_lp15_91=
    0     2
   -1    -3
   -2    -2
   -1     2
    0    -1

r3_lp15_92=
    1    -1
   -3    -2
    0     1
    0     2
    0    -1
   -2    -2

r3_lp15_93=
    0     1
    2    -1
   -3    -2
   -2    -1
    2     0

r3_lp15_94=
    0    -1
   -3    -2
    0     2
    1     2
    0    -1
   -2    -2

r3_lp15_95=
    1    -1
   -3     0
    2     0
    2     0
   -2    -2

r3_lp15_96=
   -1    -3
   -1     2
    2     0
   -2    -1

r3_lp15_97=
    1    -1
   -3    -1
    0     1
    0     2
    0    -2
   -2    -1

r3_lp15_98=
   -1    -3
   -1     2
    2     0
   -2    -2

r3_lp15_99=
   -1    -3
   -2     2
    2     0
   -2    -1

r3_lp15_100=
    1    -1
   -3    -2
   -1     1
    0     2
    0    -2
   -2    -1

r3_lp15_101=
    0    -1
   -3    -2
    0     1
    1     2
    0    -2
   -2    -1

r3_lp15_102=
    1    -1
   -3    -2
    0     0
    2     0
   -2    -2

r3_lp15_103=
    1    -1
   -3    -2
    1    -1
    2     0
   -2    -2

r3_lp15_104=
    0    -1
   -3    -2
    1     1
    2     0
   -2    -2

r3_lp15_105=
   -1     2
    2    -1
   -2    -3
   -1    -2
   -1     2
    2     0

r3_lp15_106=
    1    -1
   -2    -3
    1     2
    0     2
    2     0
   -2    -2

r3_lp15_107=
    1    -1
   -2    -3
   -2     2
    0     2
    2     0
   -1    -2

r3_lp15_108=
    1    -1
   -2    -3
   -2     1
    0     2
    2     0
   -1    -2

r3_lp15_109=
    0    -1
   -2    -3
   -2     1
    2     1
    2     2
    0    -1
   -2    -2

r3_lp15_110=
    1    -1
   -2    -3
   -2     0
    1     0
    2     2
    0    -1
   -2    -1

r3_lp15_111=
    0     2
   -1    -2
   -3    -2
   -1     2
    2     0

r3_lp15_112=
    0    -1
   -2    -3
   -2     0
    1     1
    1     2
    2     0
   -1    -2
   -2    -1

r3_lp15_113=
    1    -1
   -2    -3
    0     1
    0     2
    2     0
   -2    -2

r3_lp15_114=
    0     2
   -1    -2
   -3    -2
   -2    -2
    2     2
    0    -1

r3_lp15_115=
    0    -1
   -2    -3
    0     2
    1     2
    2     0
   -2    -2

r3_lp15_116=
    1    -1
   -2    -3
   -1     1
    0     2
    2     0
   -2    -1

r3_lp15_117=
    0    -1
   -2    -3
   -1     0
    1     1
    2     2
    0    -2
   -2    -1

r3_lp15_118=
    1    -1
   -2    -3
   -1     0
    0     2
    2     0
   -2    -2

r3_lp15_119=
    0    -1
   -2    -3
   -1     1
    1     2
    2     0
   -2    -2

r3_lp15_120=
    1    -1
   -2    -3
   -2     1
    0     2
    2     0
   -2    -1

r3_lp15_121=
    0    -1
   -2    -3
   -2    -1
    1     1
    2     2
    0    -2
   -2    -1

r3_lp15_122=
    1    -1
   -2    -3
   -2    -1
    0     2
    2     0
   -2    -2

r3_lp15_123=
    0     1
   -2    -3
   -2    -3
   -1     2
    0    -2

r3_lp15_124=
    0     1
   -1    -3
   -2    -3
   -1     2
    0    -2

r3_lp15_125=
    0     1
   -1    -2
   -3    -3
   -1     2
    2     0

r3_lp15_126=
    0    -2
   -3    -2
    0     1
    0     2
    0    -2
   -3    -2

r3_lp15_127=
    0     1
   -1    -3
   -2    -3
   -2     2
    0    -2

r3_lp15_128=
    0     1
    1    -1
   -2    -3
   -2    -3
   -2    -1
    1     1
    0    -2

r3_lp15_129=
    0     1
    1    -2
   -3    -3
   -2    -1
    2     0

r3_lp15_130=
    0    -1
   -3    -2
    0     1
    1     1
    1     0
   -2    -3
   -2    -1

r3_lp15_131=
    1    -2
   -3     0
    1     0
    2     0
   -3    -1

r3_lp15_132=
    1    -2
   -3    -2
    0     0
    2     0
   -2    -3

r3_lp15_133=
    0    -3
   -2     0
    1     1
    1     0
   -2    -3
   -2     0

r3_lp15_134=
    0    -1
   -3    -2
    0     1
    1     1
    1     0
   -2    -3
   -1     0

r3_lp15_135=
    0    -2
   -3     0
    1     1
    2     0
   -3     0

r3_lp15_136=
    2    -2
   -2     2
    0     0
   -2    -2

r3_lp15_137=
    2    -3
   -1     2
    0     0
   -2    -2

r3_lp15_138=
    2    -3
    0     2
    0     0
   -3    -1

r3_lp15_139=
    2    -3
   -2     1
    2     0
    0    -2
   -2    -1

r3_lp15_140=
    2    -3
   -2     0
    1     0
    0    -2
   -3    -2

r3_lp15_141=
    2    -2
   -2    -1
    0     2
    0     1
    0    -2
   -3    -2

r3_lp15_142=
    2    -2
   -2     0
    2     0
    1    -1
   -3    -1

r3_lp15_143=
    2    -2
   -2     1
    2     0
    1    -2
   -2    -1

r3_lp15_144=
    2    -2
   -2     0
    1     0
    1    -2
   -3    -2

r3_lp15_145=
    2    -2
   -3    -2
    0     2
    0     1
    0    -1
   -2    -2

r3_lp15_146=
    2    -2
   -3    -1
    1     2
    0     1
    0    -2
   -2    -1

r3_lp15_147=
    2    -2
   -3     0
    1     0
    1     0
   -3    -2

r3_lp15_148=
    2    -2
   -3    -2
    0     2
    0     1
    0    -2
   -2    -1

r3_lp15_149=
    2    -2
   -3    -2
    1     0
    1     0
   -2    -2

r3_lp15_150=
    2    -2
   -3    -2
    0     0
    1     0
   -2    -3

r3_lp15_151=
    2    -1
   -2     0
    2     0
    1    -2
   -3    -2

r3_lp15_152=
    2    -1
   -2     0
    2     0
    1    -1
   -3    -2

r3_lp15_153=
    2    -1
   -2    -2
    2     0
    1    -1
   -2    -2

r3_lp15_154=
    2    -1
   -2    -2
    0     2
    0     1
   -1    -2
   -3    -1

r3_lp15_155=
    2    -1
   -2    -1
    0     2
    0     1
    0    -2
   -3    -2

r3_lp15_156=
    2    -1
   -2    -2
    0     2
    0     1
    0    -1
   -3    -1

r3_lp15_157=
    2    -1
   -2    -2
    1     2
    0     1
    0    -2
   -2    -1

r3_lp15_158=
    2    -1
   -2    -2
    0     1
    0     1
    0    -2
   -3    -2

r3_lp15_159=
    2    -1
   -3    -2
    0     2
    0     1
    0    -1
   -2    -2

r3_lp15_160=
    2    -1
   -3     0
    1     0
    1     0
   -3    -2

r3_lp15_161=
    2    -1
   -3    -2
    0     2
    0     1
    0    -2
   -2    -1

r3_lp15_162=
    2    -1
   -3    -2
    1     0
    1     0
   -2    -2

r3_lp15_163=
    2    -1
   -3    -2
    0     0
    1     0
   -2    -3

r3_lp15_164=
    2    -1
   -2    -1
    0     2
    0     1
    1    -2
   -3    -2

r3_lp15_165=
    2    -1
   -2    -2
   -1     0
    2     0
    1     1
    0    -2
   -3    -1

r3_lp15_166=
    2    -1
   -2    -2
    0     1
    0     1
    1    -1
   -3    -2

r3_lp15_167=
    2    -1
   -2    -2
    0     2
    0     1
    1    -2
   -2    -1

r3_lp15_168=
    2    -1
   -2    -2
    1     0
    1     1
   -2    -2

r3_lp15_169=
    2    -1
   -2    -2
    0     0
    1     1
   -2    -3

r3_lp15_170=
    2    -1
   -2    -3
    0     2
    0     1
    1     0
   -2    -2

r3_lp15_171=
    2    -1
   -2    -3
   -2     1
    2     0
    1     1
    0    -1
   -2    -2

r3_lp15_172=
    2    -1
   -2    -3
   -2     0
    1     2
    0     1
    1     0
   -1    -2
   -2    -1

r3_lp15_173=
    2    -1
   -2    -3
   -1     0
    2     0
    1     1
    0    -2
   -2    -1

r3_lp15_174=
    2    -1
   -2    -3
   -1     1
    0     1
    1     0
   -2    -2

r3_lp15_175=
    2    -1
   -2    -3
    0     0
    1     1
    0    -3

r3_lp15_176=
    2    -1
   -2    -3
   -2    -1
    2     0
    1     1
    0    -2
   -2    -1

r3_lp15_177=
    2    -1
   -2    -3
   -2     0
    0     1
    1     0
   -2    -2

r3_lp15_178=
    0    -3
    0     1
    2     1
    0    -3
   -2     0

r3_lp15_179=
    0    -3
   -2     0
    2     2
    1     0
   -2    -2
   -1     0

r3_lp15_180=
    0    -3
   -2     0
    2     1
    0    -2
   -3     0

r3_lp15_181=
    0    -1
   -1     0
    2     2
    1     1
   -2    -3
   -2     0

r3_lp15_182=
    0    -1
   -2     2
    2     1
    1    -2
   -2     0

r3_lp15_183=
    0    -1
   -2     0
    2     2
    1     1
   -2    -3
   -1     0

r3_lp15_184=
    0    -1
   -2    -2
    1     2
    2     1
    1    -1
   -2    -2
   -1     0

r3_lp15_185=
    0    -1
   -2    -2
    0     1
    2     1
    1    -1
   -2    -3
   -2     0

r3_lp15_186=
    0    -1
   -2    -1
    0     2
    2     1
    1     0
   -2    -3
   -1     0

r3_lp15_187=
    0    -1
   -2    -2
    0     1
    2     1
    1     0
   -1    -3
   -2     0

r3_lp15_188=
    0    -1
   -3     0
    2     1
    1     0
   -3     0

r3_lp15_189=
    0    -1
   -3    -2
   -1     2
    2     1
    1     0
   -2    -2
   -1     0

r3_lp15_190=
    0    -2
   -1     0
    2     2
    1     1
   -2    -3
   -1     0

r3_lp15_191=
    0    -2
   -2    -1
    0     1
    2     1
    1     0
   -2    -3
   -2     0

r3_lp15_192=
    0    -2
   -2     0
    2     1
    1    -1
   -3     0

r3_lp15_193=
    0    -2
   -3     1
    2     2
    1     1
    0    -2
   -2     0

r3_lp15_194=
    0    -2
   -3     0
    1     2
    2     1
    1     0
   -2    -2
   -1     0

r3_lp15_195=
    0    -2
   -3    -2
    2     2
    1     1
    0    -1
   -2     0

r3_lp15_196=
    0    -2
   -3    -2
    1     2
    2     1
    1     0
   -1    -2
   -1     0

r3_lp15_197=
    0    -2
   -3    -2
    2     2
    1     1
    0    -2
   -1     0

r3_lp15_198=
    0    -2
   -3    -2
   -1     1
    2     1
    1     0
   -2    -2
   -1     0

r3_lp15_199=
    2    -2
   -1     0
    2     0
    2    -1
   -3    -2

r3_lp15_200=
    2    -2
   -1     0
    2     0
    2    -2
   -3    -1

r3_lp15_201=
    2    -2
   -2     0
    2     0
    2     1
   -3    -1

r3_lp15_202=
    2    -2
   -2    -1
    0     1
    0     2
    1    -2
   -3    -2

r3_lp15_203=
    2    -2
   -2    -1
    0     0
    2     0
   -2    -3

r3_lp15_204=
    2    -2
   -2     2
    0     2
   -2    -1

r3_lp15_205=
    2    -2
   -2    -1
    1     0
    2    -2
   -2    -1

r3_lp15_206=
    2    -2
   -3    -1
    2     0
    2     0
   -1    -2

r3_lp15_207=
    2    -2
   -3     1
    2     0
    2     0
   -2    -1

r3_lp15_208=
    2    -2
   -3     0
    2     0
    2     0
   -2    -1

r3_lp15_209=
    2    -2
   -3     0
    1     0
    2     0
   -2    -2

r3_lp15_210=
    2    -2
   -3    -2
    2     0
    2     0
   -1    -1

r3_lp15_211=
    2    -2
   -3    -2
    1     0
    2     0
   -1    -2

r3_lp15_212=
    2    -2
   -3    -2
    0     0
    2     0
   -1    -2

r3_lp15_213=
    2    -2
   -3    -1
    1     0
    2     0
   -2    -1

r3_lp15_214=
    2    -2
   -3    -2
    1     0
    2     0
   -2    -1

r3_lp15_215=
    2    -2
   -3    -2
   -1     0
    2     0
   -2    -2

r3_lp15_216=
    2    -1
   -1     0
    2     0
    2    -1
   -3    -2

r3_lp15_217=
    2    -1
   -1     0
    2     0
    2    -2
   -3    -1

r3_lp15_218=
    2    -1
   -2     1
    2     0
    2    -2
   -2    -1

r3_lp15_219=
    2    -1
   -2     0
    1     0
    2    -2
   -3    -2

r3_lp15_220=
    2    -1
   -2     0
    1     0
    2    -1
   -3    -2

r3_lp15_221=
    2    -1
   -2    -2
    0     2
    0     2
   -1    -2
   -2    -1

r3_lp15_222=
    2    -1
   -2    -2
    0     0
    2    -1
   -2    -3

r3_lp15_223=
    2    -1
   -2     0
    2     0
    2     0
   -3    -1

r3_lp15_224=
    2    -1
   -2    -1
    0     1
    0     2
    0    -2
   -3    -2

r3_lp15_225=
    2    -1
   -2    -2
    0     0
    2     0
   -1    -3

r3_lp15_226=
    2    -1
   -2    -2
   -1     2
    0     2
    0    -2
   -2    -1

r3_lp15_227=
    2    -1
   -2     0
    2     0
    2     1
   -3    -1

r3_lp15_228=
    2    -1
   -2    -1
    0     1
    0     2
    1    -2
   -3    -2

r3_lp15_229=
    2    -1
   -2    -2
    0     1
    0     2
    1     0
   -3    -2

r3_lp15_230=
    2    -1
   -2    -2
   -1     0
    0     2
    1     0
   -2    -3

r3_lp15_231=
    2    -1
   -2    -2
    2     0
    2     1
   -2    -1

r3_lp15_232=
    2    -1
   -2    -2
   -1     1
    0     2
    1    -2
   -2    -1

r3_lp15_233=
    2    -1
   -3    -2
    1     0
    2     0
   -2    -1

r3_lp15_234=
    2    -1
   -3    -2
   -1     0
    2     0
   -2    -2

r3_lp15_235=
    2    -1
   -2     0
    2     0
    2     2
   -3    -2

r3_lp15_236=
    2    -1
   -2    -1
    0     2
    0     2
    2    -1
   -3    -1

r3_lp15_237=
    2    -1
   -2    -1
    0     1
    0     2
    2    -2
   -3    -2

r3_lp15_238=
    2    -1
   -2    -2
    0     1
    0     2
    2     1
   -3    -2

r3_lp15_239=
    2    -1
   -2    -2
   -1     0
    0     2
    2     1
   -2    -3

r3_lp15_240=
    2    -1
   -2    -2
    0     0
    2     2
    0    -3

r3_lp15_241=
    2    -1
   -2    -2
    1     0
    2     2
   -2    -1

r3_lp15_242=
    2    -1
   -2    -2
   -1     0
    2     2
   -2    -2

r3_lp15_243=
    2    -1
   -2    -3
   -1     2
    0     2
    2     0
   -1    -1

r3_lp15_244=
    1    -3
   -2     0
    2     2
    1     0
   -1    -2
   -2     0

r3_lp15_245=
    1    -3
   -1     1
    2     2
    1     0
   -2    -2
   -1     0

r3_lp15_246=
    1    -3
   -1     2
    2     1
    0    -2
   -2    -1

r3_lp15_247=
    1    -3
    0     1
    2     1
    0    -3
   -2     0

r3_lp15_248=
    1    -3
    0     2
    1     0
   -3    -2

r3_lp15_249=
    1    -3
   -2     0
    2     2
    1     0
   -2    -2
   -1     0

r3_lp15_250=
    1    -3
   -2     1
    2     1
    0    -2
   -2    -1

r3_lp15_251=
    1    -3
   -2     2
    1     0
   -2    -2

r3_lp15_252=
    1    -3
   -2     0
    2     1
    0    -2
   -3     0

r3_lp15_253=
    1    -3
   -2     0
    1     1
    0    -2
   -3    -2

r3_lp15_254=
    0    -3
    0     2
    2     1
    1     0
   -2    -2
    0     1

r3_lp15_255=
    0    -3
   -2     1
    2     2
    1     1
    0    -1
   -2    -2
    0     1

r3_lp15_256=
    0    -3
   -2     0
    1     2
    2     1
    1     0
   -1    -2
   -2    -1
    0     1

r3_lp15_257=
    0    -3
   -2     0
    2     2
    1     1
    0    -1
   -2    -2
   -1     1

r3_lp15_258=
    0    -3
   -1     0
    2     2
    1     1
    0    -2
   -2    -1
    0     1

r3_lp15_259=
    0    -3
   -1     2
    1     1
    0    -2
   -2     1

r3_lp15_260=
    0    -3
    0     2
    1     1
    0    -3
    0     1

r3_lp15_261=
    0    -3
   -2    -1
    2     2
    1     1
    0    -2
   -2    -1
    0     1

r3_lp15_262=
    0    -3
   -2     0
    2     1
    1     0
   -2    -2
   -1     1

r3_lp15_263=
    0    -3
   -2     0
    1     1
    1     0
   -2    -3
   -1     1

r3_lp15_264=
    1    -1
   -2     1
    2     2
    1     1
   -2    -2
   -1     0

r3_lp15_265=
    1    -1
   -2     2
    2     1
    1    -2
   -2    -1

r3_lp15_266=
    1    -1
   -2     0
    1     2
    1     1
   -2    -3
   -2     0

r3_lp15_267=
    1    -1
   -2     0
    2     1
    1    -2
   -3    -2

r3_lp15_268=
    1    -1
   -2    -1
    0     1
    2     1
    1     0
   -2    -3
   -2     0

r3_lp15_269=
    1    -1
   -3     1
    2     2
    1     1
    0    -2
   -2     0

r3_lp15_270=
    1    -1
   -3     0
    1     2
    2     1
    1     0
   -2    -2
   -1     0

r3_lp15_271=
    1    -1
   -3     0
    2     2
    1     1
    0    -2
   -2    -1

r3_lp15_272=
    1    -1
   -3    -2
    2     2
    1     1
    0    -1
   -2     0

r3_lp15_273=
    1    -1
   -3    -2
    1     2
    2     1
    1     0
   -1    -2
   -1     0

r3_lp15_274=
    1    -1
   -3    -2
    1     2
    2     1
    1     0
   -1    -2
   -2    -1

r3_lp15_275=
    1    -1
   -3    -2
    0     2
    2     1
    1     0
   -1    -2
   -1     0

r3_lp15_276=
    1    -1
   -3    -2
    0     2
    1     1
    0    -1
   -2    -2

r3_lp15_277=
    1    -1
   -3    -1
    2     2
    1     1
    0    -2
   -1     0

r3_lp15_278=
    1    -1
   -3    -2
    2     2
    1     1
    0    -2
   -1     0

r3_lp15_279=
    1    -2
   -1     0
    1     2
    1     1
   -2    -3
   -2     0

r3_lp15_280=
    1    -2
   -3    -1
    2     2
    1     1
    0    -1
   -2     0

r3_lp15_281=
    1    -2
   -3     1
    2     2
    1     1
    0    -2
   -1     0

r3_lp15_282=
    1    -2
   -3     1
    2     2
    1     1
    0    -2
   -2    -1

r3_lp15_283=
    1    -2
   -3     0
    2     2
    1     1
    0    -2
   -1     0

r3_lp15_284=
    1    -2
   -3    -2
    2     2
    1     1
    0    -1
   -1     0

r3_lp15_285=
    1    -2
   -3    -2
    2     2
    1     1
    0    -1
   -2    -1

r3_lp15_286=
    1    -2
   -3    -2
    1     2
    1     1
    0    -1
   -2     0

r3_lp15_287=
    1    -2
   -3    -2
    1     2
    1     1
    0    -1
   -2    -2

r3_lp15_288=
    1    -2
   -3    -2
    0     2
    1     1
    0    -1
   -2     0

r3_lp15_289=
    1    -2
   -1     1
    2     2
    1     2
   -2    -2
   -1     0

r3_lp15_290=
    1    -2
   -1     2
    2     1
    2    -2
   -2    -1

r3_lp15_291=
    1    -2
   -1     0
    1     2
    1     2
   -2    -3
   -2     0

r3_lp15_292=
    1    -2
   -1     0
    2     1
    2    -2
   -3    -1

r3_lp15_293=
    1    -2
   -1     0
    2     1
    2    -2
   -3    -2

r3_lp15_294=
    1    -2
   -2    -1
    0     2
    2     1
    2     1
   -2    -2
   -1     0

r3_lp15_295=
    1    -2
   -2    -1
    1     2
    1     2
    1    -2
   -2    -1

r3_lp15_296=
    1    -2
   -2    -1
    0     2
    1     2
    1    -2
   -3     0

r3_lp15_297=
    1    -2
   -2    -1
    2     2
    1     2
    0    -2
   -1     0

r3_lp15_298=
    1    -2
   -2    -1
    0     2
    1     2
    0    -2
   -2    -1

r3_lp15_299=
    1    -2
   -2    -1
    2     1
    2    -1
   -2    -1

r3_lp15_300=
    1    -2
   -2     1
    2     1
    2    -2
   -1     0

r3_lp15_301=
    1    -2
   -2     2
    1     2
   -2    -1

r3_lp15_302=
    1    -2
   -3     2
    2     1
    2     0
   -2     0

r3_lp15_303=
    1    -2
   -3    -1
    2     2
    1     2
    0    -1
   -2    -1

r3_lp15_304=
    1    -2
   -3     0
    2     1
    2     0
   -2    -1

r3_lp15_305=
    1    -1
   -1     0
    1     2
    1     2
   -2    -3
   -2     0

r3_lp15_306=
    1    -1
   -2     0
    2     2
    1     2
   -2    -2
   -1     0

r3_lp15_307=
    1    -1
   -2     0
    2     1
    2    -2
   -3     0

r3_lp15_308=
    1    -1
   -2     1
    2     2
    1     2
   -1    -2
   -2     0

r3_lp15_309=
    1    -1
   -2     0
    1     2
    2     1
    2    -1
   -2    -2
   -1     0

r3_lp15_310=
    1    -1
   -2     0
    2     2
    1     2
   -1    -2
   -2    -1

r3_lp15_311=
    1    -1
   -2    -1
    0     2
    2     1
    2    -1
   -2    -2
   -1     0

r3_lp15_312=
    1    -1
   -2     0
    2     1
    2    -1
   -3     0

r3_lp15_313=
    1    -1
   -2    -2
   -1     2
    2     1
    2    -1
   -2    -2
   -1     0

r3_lp15_314=
    1    -1
   -2    -1
    0     2
    1     2
    0    -2
   -3     0

r3_lp15_315=
    1    -1
   -2    -2
    2     2
    1     2
    0    -1
   -2     0

r3_lp15_316=
    1    -1
   -2    -2
    1     2
    2     1
    2     0
   -1    -2
   -1     0

r3_lp15_317=
    1    -1
   -2    -2
    1     2
    2     1
    2     0
   -1    -2
   -2    -1

r3_lp15_318=
    1    -1
   -2    -2
   -1     2
    2     1
    2     0
   -1    -2
   -1     0

r3_lp15_319=
    1    -1
   -2    -2
    2     2
    1     2
    0    -2
   -1     0

r3_lp15_320=
    1    -1
   -2    -1
    0     1
    2     2
    1     2
    1    -1
   -2    -2
   -1     0

r3_lp15_321=
    1    -1
   -2     0
    1     2
    1     2
    1    -3
   -2     0

r3_lp15_322=
    1    -1
   -2    -1
    0     2
    2     1
    2     1
   -2    -2
   -1     0

r3_lp15_323=
    1    -1
   -2    -1
    0     2
    1     2
    1    -2
   -3     0

r3_lp15_324=
    1    -1
   -2    -2
   -1     1
    2     2
    1     2
    1     0
   -1    -2
   -1     0

r3_lp15_325=
    1    -1
   -2    -2
    0     2
    1     2
    1     0
   -3     0

r3_lp15_326=
    1    -1
   -2    -2
   -1     2
    2     1
    2     1
    0    -2
   -1     0

r3_lp15_327=
    1    -1
   -2    -2
    2     2
    1     2
    1    -1
   -2    -1

r3_lp15_328=
    1    -1
   -3     2
    2     1
    2     0
   -2     0

r3_lp15_329=
    1    -1
   -2     0
    2     2
    1     2
    2    -3
   -1     0

r3_lp15_330=
    1    -1
   -2    -1
    0     1
    2     1
    2     2
   -1    -3
   -2     0

r3_lp15_331=
    1    -1
   -2    -1
    0     2
    2     1
    2     2
   -2    -2
   -1     0

r3_lp15_332=
    1    -1
   -2    -1
    0     2
    1     2
    2    -2
   -3     0

r3_lp15_333=
    1    -1
   -2    -2
   -1     2
    2     1
    2     2
    1    -2
   -1     0

r3_lp15_334=
    3    -3
   -2     0
    2     0
    0    -1
   -2    -2

r3_lp15_335=
    3    -3
   -1     1
    0     0
   -2    -2

r3_lp15_336=
    3    -2
   -1     0
    2     0
    1    -2
   -3    -2

r3_lp15_337=
    3    -2
   -2     0
    2     0
    1     0
   -3    -2

r3_lp15_338=
    3    -2
   -2    -1
    2     0
    1     0
   -2    -2

r3_lp15_339=
    3    -2
   -2    -1
    0     0
    1     0
   -2    -3

r3_lp15_340=
    3    -2
   -2     0
    2     0
    1    -1
   -2    -2

r3_lp15_341=
    3    -2
   -2    -1
    1     0
    1    -1
   -2    -2

r3_lp15_342=
    3    -2
   -2     0
    2     0
    1    -2
   -2    -1

r3_lp15_343=
    3    -2
   -3     0
    2     0
    1     0
   -2    -2

r3_lp15_344=
    3    -2
   -3    -2
    1     2
    0     1
    0    -1
   -2    -2

r3_lp15_345=
    3    -2
   -3    -2
    0     1
    0     1
    0    -1
   -2    -2

r3_lp15_346=
    3    -2
   -3    -1
    0     2
    0     1
    0    -2
   -2    -1

r3_lp15_347=
    3    -2
   -3    -2
   -1     2
    0     1
    0    -2
   -2    -1

r3_lp15_348=
    3    -2
   -3    -2
    0     0
    1     0
   -2    -2

r3_lp15_349=
    3    -1
   -3     0
    2     0
    1     0
   -2    -2

r3_lp15_350=
    3    -1
   -3    -2
    1     2
    0     1
    0    -1
   -2    -2

r3_lp15_351=
    3    -1
   -3    -2
    0     1
    0     1
    0    -1
   -2    -2

r3_lp15_352=
    3    -1
   -3    -1
    0     2
    0     1
    0    -2
   -2    -1

r3_lp15_353=
    3    -1
   -3    -2
   -1     2
    0     1
    0    -2
   -2    -1

r3_lp15_354=
    3    -1
   -2     0
    2     0
    1     1
   -3    -2

r3_lp15_355=
    3    -1
   -2    -1
    2     0
    1     1
   -2    -2

r3_lp15_356=
    3    -1
   -2    -1
    0     0
    1     1
   -2    -3

r3_lp15_357=
    3    -1
   -2    -2
    0     0
    1     1
    0    -3

r3_lp15_358=
    3    -1
   -2    -2
   -1     1
    0     1
    1     0
   -2    -2

r3_lp15_359=
    3    -1
   -2    -2
    1     2
    0     1
    1    -1
   -2    -2

r3_lp15_360=
    3    -1
   -2    -2
    0     1
    0     1
    1    -1
   -2    -2

r3_lp15_361=
    3    -1
   -2    -2
   -1     0
    2     0
    1     1
   -1    -2
   -2    -1

r3_lp15_362=
    3    -1
   -2    -2
   -1     2
    0     1
    1    -2
   -2    -1

r3_lp15_363=
    3    -1
   -2    -2
    0     0
    1     1
   -2    -2

r3_lp15_364=
    3    -1
   -2    -3
    1     2
    0     1
    1     0
   -2    -2

r3_lp15_365=
    3    -1
   -2    -3
    0     1
    0     1
    1     0
   -2    -2

r3_lp15_366=
    3    -1
   -2    -3
   -2     2
    0     1
    1     0
   -1    -2

r3_lp15_367=
    3    -1
   -2    -3
   -2     1
    0     1
    1     0
   -1    -2

r3_lp15_368=
    3    -1
   -2    -3
   -2     0
    2     0
    1     1
    0    -1
   -2    -1

r3_lp15_369=
    3    -1
   -2    -3
   -1     2
    0     1
    1     0
   -2    -1

r3_lp15_370=
    3    -1
   -2    -3
   -1     0
    0     1
    1     0
   -2    -2

r3_lp15_371=
    3    -1
   -2    -3
   -2     2
    0     1
    1     0
   -2    -1

r3_lp15_372=
    3    -1
   -2    -3
   -2    -1
    0     1
    1     0
   -2    -2

r3_lp15_373=
    0    -3
   -2     1
    2     3
    1     0
   -1    -2
   -2     0

r3_lp15_374=
    0    -3
   -2     0
    1     3
    1     0
   -1    -2
   -2     0

r3_lp15_375=
    0    -1
   -3     1
    2     3
    1     1
    0    -2
   -2     0

r3_lp15_376=
    0    -1
   -3    -2
    2     3
    1     1
    0    -1
   -2     0

r3_lp15_377=
    0    -1
   -3    -2
    1     3
    1     1
    0    -1
   -2     0

r3_lp15_378=
    0    -1
   -3    -2
    0     2
    3     1
    1     0
   -1    -2
   -1     0

r3_lp15_379=
    0    -1
   -3    -1
    2     3
    1     1
    0    -2
   -1     0

r3_lp15_380=
    0    -1
   -3    -2
    2     3
    1     1
    0    -2
   -1     0

r3_lp15_381=
    0    -2
    0     3
    1     1
   -3     0

r3_lp15_382=
    0    -2
   -1     1
    3     1
    1    -2
   -2     0

r3_lp15_383=
    0    -2
   -2    -1
    0     2
    3     1
    1     0
   -2    -2
   -1     0

r3_lp15_384=
    0    -2
   -2     2
    3     1
    1    -1
   -2     0

r3_lp15_385=
    0    -2
   -2     1
    3     1
    1    -1
   -2     0

r3_lp15_386=
    0    -2
   -2     0
    2     3
    1     1
   -1    -2
   -1     0

r3_lp15_387=
    0    -2
   -2    -1
    2     3
    1     1
   -1    -2
   -1     0

r3_lp15_388=
    0    -2
   -2    -1
    0     3
    1     1
   -1    -2
   -2     0

r3_lp15_389=
    0    -2
   -2     2
    3     1
    1    -2
   -1     0

r3_lp15_390=
    0    -2
   -2    -1
    3     1
    1    -2
   -2     0

r3_lp15_391=
    0    -2
   -3    -1
    2     3
    1     1
    0    -1
   -2     0

r3_lp15_392=
    0    -2
   -3     1
    3     1
    1     0
   -2     0

r3_lp15_393=
    0    -2
   -3     0
    2     3
    1     1
    0    -2
   -1     0

r3_lp15_394=
    0    -2
   -3    -2
    2     3
    1     1
    0    -1
   -1     0

r3_lp15_395=
    0    -2
   -3    -2
    0     3
    1     1
    0    -1
   -2     0

r3_lp15_396=
    0    -2
   -3    -1
    3     1
    1     0
   -2     0

r3_lp15_397=
    0    -2
   -3    -2
    1     3
    1     1
    0    -2
   -1     0

r3_lp15_398=
    3    -2
    0     2
    0     2
   -3    -2

r3_lp15_399=
    3    -2
   -1     0
    0     2
   -1    -3

r3_lp15_400=
    3    -2
   -1     1
    0     2
   -2    -2

r3_lp15_401=
    3    -2
   -2    -1
    0     2
    0     2
    1    -2
   -2    -1

r3_lp15_402=
    3    -2
   -2     0
    2     0
    2     0
   -2    -1

r3_lp15_403=
    3    -2
   -2    -1
    2     0
    2     0
   -2    -1

r3_lp15_404=
    3    -2
   -2    -1
    0     0
    2     0
   -2    -2

r3_lp15_405=
    3    -2
   -2     2
    0     2
   -1    -1

r3_lp15_406=
    3    -2
   -2     0
    0     2
   -1    -2

r3_lp15_407=
    3    -2
   -2    -1
    0     2
   -1    -2

r3_lp15_408=
    3    -2
   -2     1
    0     2
   -2    -1

r3_lp15_409=
    3    -2
   -3     2
    0     2
    0    -2

r3_lp15_410=
    3    -2
   -3    -1
    2     0
    2     0
   -1    -1

r3_lp15_411=
    3    -2
   -3     0
    0     2
    0    -2

r3_lp15_412=
    3    -2
   -3    -2
    1     0
    2     0
   -1    -1

r3_lp15_413=
    3    -2
   -3    -2
    0     2
    0    -2

r3_lp15_414=
    1    -1
   -3    -2
    2     3
    1     1
    0    -1
   -1     0

r3_lp15_415=
    1    -2
   -1     0
    2     3
    1     1
   -2    -2
   -1     0

r3_lp15_416=
    1    -2
   -2    -1
    2     3
    1     1
    0    -2
   -1     0

r3_lp15_417=
    1    -2
   -2    -1
    0     3
    1     1
    0    -2
   -2     0

r3_lp15_418=
    1    -2
   -2     2
    3     1
    1    -1
   -1     0

r3_lp15_419=
    1    -2
   -2     0
    3     1
    1    -1
   -2     0

r3_lp15_420=
    1    -2
   -2    -1
    3     1
    1    -1
   -2     0

r3_lp15_421=
    1    -2
   -2     1
    3     1
    1    -2
   -1     0

r3_lp15_422=
    1    -2
   -3    -1
    2     3
    1     1
    0    -1
   -1     0

r3_lp15_423=
    1    -2
   -3    -2
    1     3
    1     1
    0    -1
   -1     0

r3_lp15_424=
    1    -2
   -1     0
    2     3
    1     2
   -2    -2
   -1     0

r3_lp15_425=
    1    -2
   -2    -1
    2     3
    1     2
    1    -2
   -1     0

r3_lp15_426=
    1    -2
   -2    -1
    0     3
    1     2
    1    -2
   -2     0

r3_lp15_427=
    1    -2
   -2    -1
    3     1
    2     0
   -2     0

r3_lp15_428=
    3    -1
   -2    -1
    2     0
    2    -2
   -2    -1

r3_lp15_429=
    3    -1
   -2     0
    0     2
   -2    -2

r3_lp15_430=
    3    -1
   -2     2
    0     2
   -1    -2

r3_lp15_431=
    3    -1
   -2     1
    0     2
   -1    -2

r3_lp15_432=
    3    -1
   -2     0
    2     0
    2    -1
   -2    -1

r3_lp15_433=
    3    -1
   -2    -1
    2     0
    2    -1
   -2    -1

r3_lp15_434=
    3    -1
   -2    -1
    0     0
    2    -1
   -2    -2

r3_lp15_435=
    3    -1
   -2    -2
    2     0
    2    -1
   -2    -1

r3_lp15_436=
    3    -1
   -2    -2
   -1     0
    2    -1
   -2    -2

r3_lp15_437=
    3    -1
   -2    -2
    2     0
    2     0
   -1    -1

r3_lp15_438=
    3    -1
   -2    -2
    0     0
    2     0
   -1    -2

r3_lp15_439=
    3    -1
   -2    -2
   -1     0
    2     0
   -1    -2

r3_lp15_440=
    3    -1
   -2    -1
    2     0
    2     1
   -2    -1

r3_lp15_441=
    3    -1
   -2    -1
    0     0
    2     1
   -2    -2

r3_lp15_442=
    3    -1
   -2    -1
    2     0
    2     2
   -2    -1

r3_lp15_443=
    3    -1
   -2    -1
    0     0
    2     2
   -2    -2

r3_lp15_444=
    2    -2
   -1     2
    3     1
    1    -2
   -1     0

r3_lp15_445=
    2    -2
   -1     0
    3     1
    1    -2
   -2     0

r3_lp15_446=
    2    -2
   -2     0
    3     1
    1     0
   -2     0

r3_lp15_447=
    2    -2
   -1     2
    3     1
    2    -2
   -1     0

r3_lp15_448=
    2    -2
   -1     0
    3     1
    2    -2
   -2     0

r3_lp15_449=
    2    -2
   -1     0
    2     1
    2    -2
   -2    -1

r3_lp15_450=
    2    -2
   -2    -1
    2     1
    2     1
   -2    -1

r3_lp15_451=
    2     2
   -2    -2
   -1     0
    0     1
    2     1
   -2    -2

r3_lp15_452=
    2    -2
   -2    -1
    1     1
    2     1
   -2    -2

r3_lp15_453=
    2    -2
   -2     0
    1     1
    2     0
   -2    -2

r3_lp15_454=
    2    -2
   -2     1
    1     2
   -1    -2

r3_lp15_455=
    2    -1
   -2     1
    2     1
    2    -1
   -2    -1

r3_lp15_456=
    2    -1
   -2     0
    3     1
    2    -1
   -2     0

r3_lp15_457=
    2     2
   -1    -2
    0     1
    0     1
    2    -1
   -2    -2

r3_lp15_458=
    2    -1
   -2    -1
    2     1
    2    -1
   -2    -1

r3_lp15_459=
    2     2
   -1    -2
   -1     0
    0     1
    2    -1
   -2    -2

r3_lp15_460=
    2     2
   -1    -2
    0     0
    1     2
    0    -3

r3_lp15_461=
    2     2
   -1    -2
   -2     1
    0     1
    2     0
   -1    -2

r3_lp15_462=
    2     2
   -1    -2
   -1     0
    0     1
    2     1
   -2    -2
