r3_lp21_1=
    0     2
    2    -1
   -2    -3
   -2    -3
   -2    -1
    2     2
    0    -2

r3_lp21_2=
    2    -2
   -3    -2
    0     2
    0     2
    0    -2
   -3    -2

r3_lp21_3=
    2    -1
   -3    -2
    0     2
    0     2
    0    -2
   -3    -2

r3_lp21_4=
    2    -1
   -2    -2
    0     2
    0     2
    2    -2
   -3    -2

r3_lp21_5=
    2    -1
   -2    -3
    0     2
    0     2
    2     0
   -3    -2

r3_lp21_6=
    2    -1
   -2    -3
   -2     2
    0     2
    2     0
   -2    -2

r3_lp21_7=
    2    -1
   -2    -3
   -2     0
    2     0
    2     2
    0    -2
   -3    -1

r3_lp21_8=
    1    -2
   -3    -2
    0     2
    2     1
    1     0
   -2    -3
   -2     0

r3_lp21_9=
    1    -2
   -2     0
    2     2
    1     2
   -2    -3
   -2     0

r3_lp21_10=
    1    -2
   -3     0
    2     2
    1     2
    0    -3
   -2     0

r3_lp21_11=
    1    -2
   -3    -2
    2     2
    1     2
    0    -2
   -2     0

r3_lp21_12=
    1    -2
   -3    -2
    0     2
    2     1
    2     0
   -2    -3
   -1     0

r3_lp21_13=
    1    -2
   -3    -2
    0     2
    2     1
    2     0
   -2    -3
   -2    -1

r3_lp21_14=
    1    -1
   -2    -2
    0     2
    2     1
    2     1
   -2    -3
   -2     0

r3_lp21_15=
    1    -1
   -3     0
    2     2
    1     2
    0    -3
   -2     0

r3_lp21_16=
    1    -1
   -3    -2
    2     2
    1     2
    0    -2
   -2     0

r3_lp21_17=
    1    -1
   -3    -2
    0     2
    2     1
    2     0
   -2    -3
   -1     0

r3_lp21_18=
    1    -1
   -3    -2
    0     2
    2     1
    2     0
   -2    -3
   -2    -1

r3_lp21_19=
    1    -1
   -2    -2
    0     2
    2     1
    2     2
   -1    -3
   -2     0

r3_lp21_20=
    1    -1
   -2    -2
    2     2
    1     2
    2    -2
   -2     0

r3_lp21_21=
    1    -1
   -2    -2
    0     2
    2     1
    2     2
   -2    -3
   -1     0

r3_lp21_22=
    1    -1
   -2    -2
    0     2
    2     1
    2     2
   -2    -3
   -2    -1

r3_lp21_23=
    1    -1
   -2    -3
   -1     2
    2     1
    2     2
    0    -2
   -2     0

r3_lp21_24=
    1    -1
   -2    -3
    0     2
    2     1
    2     2
    0    -3
   -1     0

r3_lp21_25=
    1    -1
   -2    -3
    0     2
    2     1
    2     2
    0    -3
   -2    -1

r3_lp21_26=
    1    -1
   -2    -3
   -2     1
    2     2
    1     2
    2     0
   -2    -2
   -1     0

r3_lp21_27=
    1    -1
   -2    -3
   -2     0
    1     2
    1     2
    2     0
   -2    -3
   -2     0

r3_lp21_28=
    0    -2
   -3    -2
    0     2
    3     1
    1     0
   -2    -3
   -2     0

r3_lp21_29=
    3    -2
   -2     0
    2     0
    2    -2
   -3    -2

r3_lp21_30=
    3    -2
   -3     0
    2     0
    2     0
   -3    -2

r3_lp21_31=
    3    -2
   -3    -2
    2     0
    2     0
   -2    -2

r3_lp21_32=
    3    -2
   -3    -2
    0     0
    2     0
   -2    -3

r3_lp21_33=
    1    -1
   -3    -2
    0     2
    3     1
    1     0
   -2    -3
   -2     0

r3_lp21_34=
    1    -2
   -2     0
    2     3
    1     1
   -2    -3
   -2     0

r3_lp21_35=
    1    -2
   -3     0
    2     3
    1     1
    0    -3
   -2     0

r3_lp21_36=
    1    -2
   -3    -2
    2     3
    1     1
    0    -2
   -2     0

r3_lp21_37=
    1    -2
   -3    -2
    0     3
    1     1
    0    -2
   -3     0

r3_lp21_38=
    1    -2
   -2     0
    2     3
    1     2
   -1    -3
   -2     0

r3_lp21_39=
    1    -2
   -2     2
    3     1
    2    -2
   -2     0

r3_lp21_40=
    1    -2
   -2     0
    3     1
    2    -2
   -3     0

r3_lp21_41=
    1    -2
   -3    -1
    2     3
    1     2
    0    -2
   -2     0

r3_lp21_42=
    1    -2
   -3     0
    3     1
    2     0
   -3     0

r3_lp21_43=
    1    -2
   -3    -2
    1     3
    1     2
    0    -2
   -2     0

r3_lp21_44=
    3    -1
   -2    -2
    0     2
    0     2
    0    -2
   -3    -2

r3_lp21_45=
    3    -1
   -2    -2
    0     2
    0     2
    1    -1
   -3    -2

r3_lp21_46=
    3    -1
   -2    -2
    2     0
    2     1
   -2    -2

r3_lp21_47=
    3    -1
   -2    -2
    0     0
    2     1
   -2    -3

r3_lp21_48=
    3    -1
   -3    -1
    2     0
    2     0
   -2    -2

r3_lp21_49=
    3    -1
   -3     0
    0     2
    0    -3

r3_lp21_50=
    3    -1
   -3    -2
    1     0
    2     0
   -2    -2

r3_lp21_51=
    3    -1
   -2    -2
   -1     0
    2     0
    2     2
    0    -2
   -3    -2

r3_lp21_52=
    3    -1
   -2    -2
   -1     2
    0     2
    2    -1
   -2    -2

r3_lp21_53=
    3    -1
   -2    -2
    0     0
    2     2
   -1    -3

r3_lp21_54=
    3    -1
   -2    -2
    1     0
    2     2
   -2    -2

r3_lp21_55=
    3    -1
   -2    -3
   -2     0
    2     0
    2     2
    0    -1
   -2    -2

r3_lp21_56=
    3    -1
   -2    -3
   -1     1
    0     2
    2     0
   -2    -2

r3_lp21_57=
    3    -1
   -2    -3
   -2     0
    2     0
    2     2
    0    -2
   -2    -1

r3_lp21_58=
    2    -2
   -2     0
    2     3
    1     1
   -1    -3
   -2     0

r3_lp21_59=
    2    -2
   -2     2
    3     1
    1    -2
   -2     0

r3_lp21_60=
    2    -2
   -2     0
    3     1
    1    -2
   -3     0

r3_lp21_61=
    2    -2
   -2     0
    2     1
    1    -2
   -3    -2

r3_lp21_62=
    2    -2
   -3    -1
    2     3
    1     1
    0    -2
   -2     0

r3_lp21_63=
    2    -2
   -3     0
    3     1
    1     0
   -3     0

r3_lp21_64=
    2    -2
   -2    -1
    0     2
    3     1
    2     0
   -2    -3
   -2     0

r3_lp21_65=
    2    -2
   -2    -1
    2     3
    1     2
   -1    -2
   -2     0

r3_lp21_66=
    2    -2
   -2     0
    3     1
    2    -1
   -3     0

r3_lp21_67=
    2    -2
   -2     0
    2     1
    2    -1
   -3    -2

r3_lp21_68=
    2    -2
   -2     1
    3     1
    2    -2
   -2     0

r3_lp21_69=
    2    -2
   -2     2
    1     2
   -2    -2

r3_lp21_70=
    2    -2
   -2     0
    2     1
    2    -2
   -3    -1

r3_lp21_71=
    2    -2
   -3    -2
    0     2
    3     1
    2     0
   -1    -2
   -2     0

r3_lp21_72=
    2    -2
   -3    -1
    1     3
    1     2
    0    -2
   -2     0

r3_lp21_73=
    2    -2
   -3    -1
    2     1
    2     0
   -2    -2

r3_lp21_74=
    2    -2
   -3     0
    2     1
    2     0
   -3    -1

r3_lp21_75=
    2    -2
   -3    -2
    0     2
    3     1
    2     0
   -2    -2
   -1     0

r3_lp21_76=
    2    -2
   -3    -2
    1     2
    1     2
    0    -2
   -2    -1

r3_lp21_77=
    2     2
   -2    -3
   -2     0
    1     0
    1     2
    0    -2
   -3    -2

r3_lp21_78=
    2    -1
   -2    -2
    0     2
    3     1
    2    -1
   -2    -3
   -2     0

r3_lp21_79=
    2    -1
   -2    -2
    0     2
    3     1
    2     0
   -1    -3
   -2     0

r3_lp21_80=
    2    -1
   -2    -2
    2     3
    1     2
    0    -2
   -2     0

r3_lp21_81=
    2    -1
   -2    -2
    0     3
    1     2
    0    -2
   -3     0

r3_lp21_82=
    2    -1
   -2    -2
    0     2
    1     2
    0    -2
   -3    -2

r3_lp21_83=
    2    -1
   -2    -2
   -1     0
    2     3
    1     2
    1     0
   -2    -3
   -2     0

r3_lp21_84=
    2    -1
   -2    -2
   -1     2
    3     1
    2     1
   -1    -2
   -2     0

r3_lp21_85=
    2    -1
   -2    -2
    0     3
    1     2
    1    -1
   -3     0

r3_lp21_86=
    2    -1
   -2    -2
    0     2
    1     2
    1    -1
   -3    -2

r3_lp21_87=
    2    -1
   -2    -2
    1     3
    1     2
    1    -2
   -2     0

r3_lp21_88=
    2    -1
   -2    -2
    2     1
    2     1
   -2    -2

r3_lp21_89=
    2    -1
   -2    -2
    0     2
    1     2
    1    -2
   -3    -1

r3_lp21_90=
    2    -1
   -3    -2
    0     2
    3     1
    2     0
   -1    -2
   -2     0

r3_lp21_91=
    2    -1
   -3    -1
    1     3
    1     2
    0    -2
   -2     0

r3_lp21_92=
    2    -1
   -3    -1
    2     1
    2     0
   -2    -2

r3_lp21_93=
    2    -1
   -3     0
    2     1
    2     0
   -3    -1

r3_lp21_94=
    2    -1
   -3    -2
    0     2
    3     1
    2     0
   -2    -2
   -1     0

r3_lp21_95=
    2    -1
   -3    -2
    1     2
    1     2
    0    -2
   -2    -1

r3_lp21_96=
    2     2
   -1    -3
   -2     0
    1     0
    1     2
    0    -2
   -3    -2

r3_lp21_97=
    2    -1
   -2    -2
   -1     0
    2     3
    1     2
    2     1
   -2    -3
   -2     0

r3_lp21_98=
    2    -1
   -2    -2
    0     2
    3     1
    2     2
    0    -3
   -2     0

r3_lp21_99=
    2    -1
   -2    -2
   -1     2
    3     1
    2     2
    0    -2
   -2     0

r3_lp21_100=
    2    -1
   -2    -2
   -1     0
    3     1
    2     2
    0    -2
   -3     0

r3_lp21_101=
    2    -1
   -2    -2
   -1     0
    2     1
    2     2
    0    -2
   -3    -2

r3_lp21_102=
    2    -1
   -2    -2
    0     2
    3     1
    2     2
   -1    -2
   -2     0

r3_lp21_103=
    2    -1
   -2    -2
   -1     1
    3     1
    2     2
   -1    -2
   -2     0

r3_lp21_104=
    2    -1
   -2    -2
   -1     2
    1     2
    2    -1
   -2    -2

r3_lp21_105=
    2    -1
   -2    -2
    0     2
    1     2
    2    -1
   -3    -1

r3_lp21_106=
    2    -1
   -2    -2
    0     2
    3     1
    2     2
   -2    -2
   -1     0

r3_lp21_107=
    2    -1
   -2    -2
    1     2
    1     2
    2    -2
   -2    -1

r3_lp21_108=
    2     2
   -1    -2
   -2     0
    1     0
    1     2
    2    -2
   -3    -2

r3_lp21_109=
    2    -1
   -2    -3
    0     2
    3     1
    2     2
    0    -2
   -2     0

r3_lp21_110=
    2    -1
   -2    -3
   -2     1
    2     3
    1     2
    2     0
   -1    -2
   -2     0

r3_lp21_111=
    2    -1
   -2    -3
   -2     0
    1     3
    1     2
    2     0
   -1    -2
   -2     0

r3_lp21_112=
    2    -1
   -2    -3
   -2     0
    2     1
    2     2
    0    -1
   -2    -2

r3_lp21_113=
    2    -1
   -2    -3
   -1     0
    2     3
    1     2
    2     0
   -2    -2
   -1     0

r3_lp21_114=
    2    -1
   -2    -3
   -1     1
    2     1
    2     2
    0    -2
   -2    -1

r3_lp21_115=
    2     2
   -1    -2
   -3     0
    1     0
    1     2
    2     0
   -3    -2

r3_lp21_116=
    2    -1
   -2    -3
   -2    -1
    2     3
    1     2
    2     0
   -2    -2
   -1     0

r3_lp21_117=
    2    -1
   -2    -3
   -2     0
    3     1
    2     2
    0    -2
   -2     0

r3_lp21_118=
    2    -1
   -2    -3
   -2     0
    2     1
    2     2
    0    -2
   -2    -1

r3_lp21_119=
    2     2
   -1    -2
   -3    -2
    1     0
    1     2
    2     0
   -2    -2

r3_lp21_120=
    2     2
   -1    -2
   -3    -2
    0     0
    1     2
    2     0
   -2    -3

r3_lp21_121=
    0    -2
   -2     0
    2     3
    2     2
    0    -1
   -3    -2
    0     1

r3_lp21_122=
    0    -2
   -2     2
    3     2
    2     0
   -2    -2
    0     1

r3_lp21_123=
    0    -2
   -2     0
    3     2
    2     0
   -2    -3
    0     1

r3_lp21_124=
    0    -2
   -2     0
    2     2
    2     0
   -2    -3
   -2     1

r3_lp21_125=
    0    -2
   -2     0
    2     3
    2     0
   -2    -3
   -2     0

r3_lp21_126=
    0    -3
   -1     2
    3     2
    2     0
   -2    -2
    0     1

r3_lp21_127=
    0    -3
    0     3
    2     2
    0    -3
    0     1

r3_lp21_128=
    0    -3
    0     2
    2     2
    0    -3
   -2     1

r3_lp21_129=
    0    -3
    0     2
    3     2
    0    -3
   -2     0

r3_lp21_130=
    0    -3
   -2     1
    3     2
    2     0
   -2    -2
    0     1

r3_lp21_131=
    0    -3
   -2     2
    2     2
    0    -2
   -2     1

r3_lp21_132=
    0    -3
   -2     2
    3     2
    0    -2
   -2     0

r3_lp21_133=
    0    -3
   -2     0
    2     2
    2     0
   -2    -3
   -1     1

r3_lp21_134=
    0    -2
   -2    -1
    0     2
    3     2
    2     1
    0    -2
   -3    -2
    0     1

r3_lp21_135=
    0    -2
   -2    -1
    2     3
    2     2
    1    -1
   -2    -2
    0     1

r3_lp21_136=
    0    -2
   -2     0
    3     2
    2     1
   -1    -3
    0     1

r3_lp21_137=
    0    -2
   -2     1
    3     2
    2     1
   -2    -2
    0     1

r3_lp21_138=
    0    -2
   -3    -2
    0     2
    3     2
    2     1
    0    -1
   -2    -2
    0     1

r3_lp21_139=
    0    -2
   -3    -1
    1     3
    2     2
    1     0
   -2    -2
    0     1

r3_lp21_140=
    0    -1
   -2    -2
   -1     2
    3     2
    2     2
    0    -1
   -2    -2
    0     1

r3_lp21_141=
    0    -1
   -2    -2
    0     3
    2     2
    2     0
   -1    -3
    0     1

r3_lp21_142=
    0    -1
   -2    -2
    0     2
    2     2
    2     0
   -1    -3
   -2     1

r3_lp21_143=
    0    -1
   -2    -2
    0     2
    3     2
    2     0
   -1    -3
   -2     0

r3_lp21_144=
    0    -1
   -2    -2
    1     3
    2     2
    2     0
   -2    -2
    0     1

r3_lp21_145=
    0    -1
   -2    -2
    2     2
    2     2
    0    -2
   -2     1

r3_lp21_146=
    0    -1
   -2    -2
    2     3
    2     2
    0    -2
   -2     0

r3_lp21_147=
    0    -1
   -2    -2
    0     2
    2     2
    2     0
   -2    -3
   -1     1

r3_lp21_148=
    0    -1
   -2    -2
    0     3
    2     2
    0    -2
   -3     0

r3_lp21_149=
    0    -1
   -2    -2
    0     2
    2     2
    2     0
   -2    -3
   -2     0

r3_lp21_150=
    0    -1
   -2    -2
    0     2
    3     2
    2     2
    1     0
   -3    -2
    0     1

r3_lp21_151=
    0    -1
   -2    -2
   -1     2
    3     2
    2     2
    1     0
   -2    -2
    0     1

r3_lp21_152=
    0    -1
   -2    -2
   -1     0
    3     2
    2     2
    1     0
   -2    -3
    0     1

r3_lp21_153=
    0    -1
   -2    -2
    0     2
    3     2
    2     2
    1    -1
   -2    -2
    0     1

r3_lp21_154=
    0    -1
   -2    -2
   -1     1
    3     2
    2     2
    1    -1
   -2    -2
    0     1

r3_lp21_155=
    0    -1
   -2    -2
   -1     2
    2     2
    2     1
   -1    -2
   -2     1

r3_lp21_156=
    0    -1
   -2    -2
   -1     2
    3     2
    2     1
   -1    -2
   -2     0

r3_lp21_157=
    0    -1
   -2    -2
    0     2
    2     2
    2     1
   -1    -3
   -1     1

r3_lp21_158=
    0    -1
   -2    -2
    0     3
    2     2
    1    -1
   -3     0

r3_lp21_159=
    0    -1
   -2    -2
    0     2
    2     2
    2     1
   -1    -3
   -2     0

r3_lp21_160=
    0    -1
   -2    -2
    0     2
    3     2
    2     2
    1    -2
   -2    -1
    0     1

r3_lp21_161=
    0    -1
   -2    -2
    1     2
    2     2
    2     1
   -2    -2
   -1     1

r3_lp21_162=
    0    -1
   -2    -2
    1     3
    2     2
    1    -2
   -2     0

r3_lp21_163=
    0    -1
   -2    -2
    2     2
    2     2
    1    -2
   -2     0

r3_lp21_164=
    0    -1
   -2    -2
    0     2
    2     2
    2     1
   -2    -3
   -1     0

r3_lp21_165=
    0    -1
   -3     0
    2     3
    2     2
    2     0
   -2    -2
    0     1

r3_lp21_166=
    0    -1
   -3    -2
    0     1
    3     2
    2     2
    0    -1
   -2    -2
    0     1

r3_lp21_167=
    0    -1
   -3    -2
    0     2
    2     2
    2     0
   -1    -2
   -2     1

r3_lp21_168=
    0    -1
   -3    -2
    0     2
    3     2
    2     0
   -1    -2
   -2     0

r3_lp21_169=
    0    -1
   -3    -1
    0     2
    3     2
    2     2
    0    -2
   -2    -1
    0     1

r3_lp21_170=
    0    -1
   -3    -1
    1     2
    2     2
    2     0
   -2    -2
   -1     1

r3_lp21_171=
    0    -1
   -3    -1
    1     3
    2     2
    0    -2
   -2     0

r3_lp21_172=
    0    -1
   -3    -1
    2     2
    2     2
    0    -2
   -2     0

r3_lp21_173=
    0    -1
   -3     0
    2     2
    2     2
    0    -3
   -1     0

r3_lp21_174=
    0    -1
   -3    -2
    0     3
    2     2
    2     0
   -2    -2
    0     1

r3_lp21_175=
    0    -1
   -3    -2
    0     2
    2     2
    2     0
   -2    -2
   -1     1

r3_lp21_176=
    0    -1
   -3    -2
    0     2
    3     2
    2     0
   -2    -2
   -1     0

r3_lp21_177=
    0    -2
   -2     0
    2     3
    2     2
    2     0
   -2    -2
    0     1

r3_lp21_178=
    0    -2
   -2     0
    3     2
    2     2
    0    -3
    0     1

r3_lp21_179=
    0    -2
   -2     0
    2     2
    2     2
    0    -3
   -2     1

r3_lp21_180=
    0    -2
   -2     0
    2     3
    2     2
    0    -3
   -2     0

r3_lp21_181=
    0    -2
   -2    -1
    1     3
    2     2
    2     0
   -2    -2
    0     1

r3_lp21_182=
    0    -2
   -2    -1
    2     2
    2     2
    0    -2
   -2     1

r3_lp21_183=
    0    -2
   -2     0
    2     2
    2     2
   -1    -2
   -2     1

r3_lp21_184=
    0    -2
   -2     0
    2     3
    2     2
   -1    -2
   -2     0

r3_lp21_185=
    0    -2
   -2    -1
    1     2
    2     2
    2    -1
   -2    -2
   -1     1

r3_lp21_186=
    0    -2
   -2    -1
    1     3
    2     2
   -1    -2
   -2     0

r3_lp21_187=
    0    -2
   -2    -1
    2     2
    2     2
   -1    -2
   -2     0

r3_lp21_188=
    0    -2
   -2     0
    3     2
    2     2
   -2    -2
    0     1

r3_lp21_189=
    0    -2
   -2     0
    2     2
    2     2
   -2    -2
   -1     1

r3_lp21_190=
    0    -2
   -3     0
    2     3
    2     2
    0    -2
   -2     0

r3_lp21_191=
    0    -2
   -3    -2
    0     3
    2     2
    0    -2
   -2     0

r3_lp21_192=
    1    -1
   -2    -2
   -1     1
    2     2
    2     2
    1    -1
   -2    -2
   -1     1
