r3_lp6_1=
    0    -1
   -3    -2
   -2    -1
    0    -2

r3_lp6_2=
   -1    -2
   -2     1
   -1    -1
   -2    -2

r3_lp6_3=
    1    -3
   -1    -2
    0    -2

r3_lp6_4=
   -2    -2
    2    -1
   -2    -2

r3_lp6_5=
    0    -2
    0     2
   -1    -1
   -2    -2

r3_lp6_6=
    0    -3
   -2     1
    2    -1
    0    -1
   -2    -2

r3_lp6_7=
    0    -3
   -2    -1
   -1     0
   -2    -2

r3_lp6_8=
    1     2
   -2    -2
   -2    -2
    1     0

r3_lp6_9=
   -1     1
    2    -2
   -1    -2
   -2     1

r3_lp6_10=
    0     2
   -2    -2
   -2     1

r3_lp6_11=
   -2    -3
    2     1
    0    -2

r3_lp6_12=
   -1    -2
   -3    -2
   -1     1
    0    -2

r3_lp6_13=
    1    -3
   -2    -1
    0    -2
