r3_lp12_1=
   -2    -3
   -2     2
    1     0
   -2    -2

r3_lp12_2=
   -1    -3
   -2     2
    1     0
    0    -2
   -2    -1

r3_lp12_3=
    1    -2
   -2     2
   -1     1
   -2    -2

r3_lp12_4=
    1    -2
   -3    -1
    2    -1
    1     0
   -2    -2

r3_lp12_5=
    1    -2
   -3    -2
    1    -1
    1     0
   -2    -2

r3_lp12_6=
    0    -2
   -2     2
    0     0
   -2    -2

r3_lp12_7=
    0    -3
   -1     2
    0     0
   -2    -2

r3_lp12_8=
    0    -3
   -2     1
    1     0
    0    -2
   -2    -1

r3_lp12_9=
    0    -2
   -2    -1
    2     0
    1    -1
   -2    -2

r3_lp12_10=
    0    -2
   -2     1
    1     0
    1    -2
   -2    -1

r3_lp12_11=
    0    -2
   -3    -2
    0     2
    0     1
    0    -1
   -2    -2

r3_lp12_12=
    0    -2
   -3    -1
    1     1
    0     1
    0    -2
   -2    -1

r3_lp12_13=
    0    -2
   -3    -2
    0     1
    0     1
    0    -2
   -2    -1

r3_lp12_14=
    0    -2
   -3    -2
    1     0
    1     0
   -2    -2

r3_lp12_15=
    0     2
   -1    -3
   -2    -2
   -2     1
    0    -1

r3_lp12_16=
   -1    -3
   -1     1
    1     1
    0    -2
   -2    -1

r3_lp12_17=
    0     1
   -1    -3
   -2    -2
   -1     1
    0    -2

r3_lp12_18=
    0    -1
   -3    -2
    1     0
    1     0
   -2    -2

r3_lp12_19=
   -1    -2
   -2    -1
    1     1
    1     1
   -1    -2
   -2    -1

r3_lp12_20=
   -1    -2
   -3    -2
    1     2
    1     1
    0    -1
   -2    -2

r3_lp12_21=
    0     1
    1    -1
   -2    -3
   -2    -2
   -2    -1
    1     1
    0    -1

r3_lp12_22=
    0     1
   -1    -2
   -3    -1
   -2    -1
    1     1
    0    -2

r3_lp12_23=
    0    -1
   -2    -3
   -1     1
    0     1
    1     0
   -2    -2

r3_lp12_24=
   -1    -2
   -3    -2
   -1     1
    1     1
    0    -2
   -2    -1

r3_lp12_25=
   -1    -2
   -3    -2
    1     1
    1     0
   -2    -2

r3_lp12_26=
   -2     2
   -2    -3
   -1    -2
    2     0

r3_lp12_27=
    1    -2
   -3    -2
    1    -1
    2     0
   -1    -2

r3_lp12_28=
    1     2
   -2    -3
   -2    -2
    2     0

r3_lp12_29=
    0    -2
   -3    -2
    0     1
    0     2
    0    -1
   -2    -2

r3_lp12_30=
    0     1
    1    -2
   -3    -2
   -2    -1
    2     0

r3_lp12_31=
   -1    -2
   -3    -1
    1     1
    2     0
   -2    -2

r3_lp12_32=
    1    -2
   -3    -1
   -1     2
    0    -2

r3_lp12_33=
    1    -2
   -3    -2
   -2     2
    0    -2

r3_lp12_34=
    0    -1
   -2    -3
   -2     0
   -1     1
    2     0
   -2    -2

r3_lp12_35=
    0    -2
   -3    -2
   -1     0
    0     2
    0    -2
   -2    -1

r3_lp12_36=
    1    -2
   -3    -2
   -1     2
    0    -2

r3_lp12_37=
   -2    -3
   -2     2
    2     0
    0    -2
   -2    -1

r3_lp12_38=
   -1    -2
   -2     2
    2     0
    0    -2
   -2    -1

r3_lp12_39=
   -1    -3
   -1     2
    2     0
    0    -2
   -2    -1

r3_lp12_40=
   -1    -3
   -2     1
    2     0
    0    -2
   -2    -1

r3_lp12_41=
    0    -1
   -2    -2
    2     2
    0     0
   -1    -2
   -2    -1

r3_lp12_42=
    0    -2
   -2    -1
    2     2
    0     0
   -1    -2
   -2    -1

r3_lp12_43=
    0     2
    2    -2
   -2    -2
   -2    -1
    1    -1

r3_lp12_44=
    1     2
   -2    -2
   -1    -2
   -1     1
   -1    -2

r3_lp12_45=
   -1     2
    2    -2
   -2    -2
   -2    -1
    1     0

r3_lp12_46=
    0     2
   -2    -2
   -2    -1
    1    -2

r3_lp12_47=
    1     2
    2    -2
   -3    -2
   -2    -2
   -1     1
    0    -1

r3_lp12_48=
    0     1
    2    -2
   -3    -2
   -2    -2
   -1     1
    0    -1

r3_lp12_49=
    0     2
   -2    -3
   -1    -2
   -1     1
    0    -2

r3_lp12_50=
   -1     2
   -2    -3
   -2    -2
   -1     1
    0    -2

r3_lp12_51=
   -1    -2
    2     2
    1    -2
   -2    -1

r3_lp12_52=
   -1    -2
   -1     2
    2     1
   -1    -2
   -2    -1

r3_lp12_53=
   -1    -2
   -2     1
    2     1
   -1    -2
   -2    -1

r3_lp12_54=
    0     2
    2    -1
   -2    -2
   -2    -2
   -1     1
    0    -1

r3_lp12_55=
   -1    -2
   -2    -1
    1     2
    1     0
   -1    -2
   -2    -1

r3_lp12_56=
    0     2
   -1    -2
   -2    -2
   -1     1
    0    -2

r3_lp12_57=
   -1    -3
   -2     1
    2     2
    1     0
   -1    -2
   -2    -1

r3_lp12_58=
    0     1
    2    -1
   -3    -2
   -2    -2
   -1     1
    0    -1

r3_lp12_59=
    0     2
    2    -1
   -3    -2
   -2    -1
    1     0

r3_lp12_60=
    0     2
   -1    -3
   -1    -2
   -1     1
    0    -2

r3_lp12_61=
   -1    -3
   -2    -1
    2     1
    0    -2
   -2    -1

r3_lp12_62=
   -1    -2
   -2    -1
    1     2
    1     1
    0    -2
   -2    -1

r3_lp12_63=
   -1    -2
   -2     1
    2     2
    1     1
   -1    -2
   -2    -1

r3_lp12_64=
    0     1
    2    -1
   -2    -2
   -2    -2
   -1     1
    1    -1

r3_lp12_65=
    0     2
   -1    -2
   -2    -1
   -2    -1
    1     1
   -1    -2

r3_lp12_66=
   -1    -2
   -2    -1
    2     1
    1    -2
   -2    -1

r3_lp12_67=
   -1    -2
   -3    -2
    2     2
    1     1
    0    -1
   -2    -1

r3_lp12_68=
   -1    -2
   -3    -2
    1     2
    1     1
    0    -1
   -2    -1

r3_lp12_69=
    0     2
   -1    -2
   -3    -2
   -2    -1
    1     1
    0    -1

r3_lp12_70=
    0     1
    2    -1
   -2    -3
   -2    -2
   -1     1
    1     0

r3_lp12_71=
   -1    -2
   -3    -1
    2     1
    1     0
   -2    -1

r3_lp12_72=
   -1    -2
   -3    -2
    2     1
    1     0
   -2    -1

r3_lp12_73=
    2    -2
   -2     2
   -1     2
   -1    -2

r3_lp12_74=
   -1     1
    2     2
   -2    -2
   -1    -2
   -2    -1
    2     0

r3_lp12_75=
    0     1
    2    -2
   -2    -2
   -2    -1
    2     0

r3_lp12_76=
    0     2
    2    -2
   -2    -1
   -2    -2
   -1     2
    1    -1

r3_lp12_77=
   -1     2
   -2    -2
   -2    -1
    2    -1

r3_lp12_78=
    0     2
   -2    -2
   -1    -2
   -1     2
    0    -2

r3_lp12_79=
    1     2
   -2    -2
   -1    -2
   -1     2
    1    -2

r3_lp12_80=
    2    -2
   -2    -1
    2    -2

r3_lp12_81=
   -1     2
    2    -2
   -3    -1
   -2    -1
    2     0

r3_lp12_82=
    1     2
   -2    -3
   -2    -1
    2     0

r3_lp12_83=
    0     2
   -2    -3
   -2    -1
    2     0

r3_lp12_84=
    1    -2
   -2    -1
    1     2
    0     1
    0    -2
   -2    -1

r3_lp12_85=
    1    -2
   -2    -1
    0     2
    0     1
   -1    -2
   -2    -1

r3_lp12_86=
    1    -2
   -2    -1
    2     0
    1    -2
   -2    -1

r3_lp12_87=
    1    -2
   -3     0
    2     0
    1     0
   -2    -2

r3_lp12_88=
    1    -2
   -3    -2
    2     2
    0     1
    0    -1
   -2    -1

r3_lp12_89=
    1    -2
   -3    -2
    1     2
    0     1
    0    -1
   -2    -1

r3_lp12_90=
    1    -2
   -3    -1
    2     0
    1     0
   -2    -1

r3_lp12_91=
    1    -2
   -3    -2
    2     0
    1     0
   -2    -1

r3_lp12_92=
    1    -2
   -3    -2
    0     0
    1     0
   -2    -2

r3_lp12_93=
    1    -1
   -2     1
    2     0
    1    -2
   -2    -1

r3_lp12_94=
    1    -1
   -2    -2
    0     2
    0     1
   -1    -2
   -2    -1

r3_lp12_95=
    1    -1
   -2    -2
    1     2
    2     0
    1     0
   -1    -2
   -2    -1

r3_lp12_96=
    1    -1
   -2    -2
    0     1
    2     0
    1     0
   -1    -2
   -2    -1

r3_lp12_97=
    1    -1
   -2    -2
   -1     2
    0     1
    0    -2
   -2    -1

r3_lp12_98=
    1    -1
   -3    -2
    2     2
    0     1
    0    -1
   -2    -1

r3_lp12_99=
    1    -1
   -3    -2
    0     2
    0     1
    0    -1
   -2    -1

r3_lp12_100=
    1    -1
   -3    -1
    2     0
    1     0
   -2    -1

r3_lp12_101=
    1    -1
   -3    -2
    2     0
    1     0
   -2    -1

r3_lp12_102=
    1    -1
   -2    -2
   -1     1
    2     2
    0     1
    1     0
   -1    -2
   -2    -1

r3_lp12_103=
    1    -1
   -2    -2
   -1     0
    2     0
    1     1
    0    -2
   -2    -1

r3_lp12_104=
    1    -1
   -2    -2
    2     0
    1     1
   -2    -1

r3_lp12_105=
    1    -2
   -2    -1
    0     2
    0     2
    1    -2
   -2    -1

r3_lp12_106=
    1    -2
   -3     2
    2     0
    2     0
   -2    -1

r3_lp12_107=
    1    -2
   -3    -1
    2     0
    2     0
   -1    -2

r3_lp12_108=
    1    -2
   -3     1
    0     2
    0    -2

r3_lp12_109=
    1    -2
   -3     0
    1     0
    2     0
   -2    -1

r3_lp12_110=
    0    -1
   -2     2
    1     1
    0    -2
   -2     0

r3_lp12_111=
    0    -3
    1     2
    2     1
    0    -2
   -2    -1

r3_lp12_112=
    0    -3
    0     2
    1     1
    0    -2
   -2     0

r3_lp12_113=
    0    -3
   -2     2
    2     1
    0    -1
   -2    -1

r3_lp12_114=
    0    -3
   -2     1
    2     1
    1     0
   -1    -2
   -2     0

r3_lp12_115=
    0    -3
   -2     0
    2     1
    0    -1
   -2    -2

r3_lp12_116=
    0    -3
   -1     2
    1     0
   -2    -1

r3_lp12_117=
    0    -3
   -2     2
    1     0
   -2    -1

r3_lp12_118=
    0    -3
   -2     1
    1     0
   -2    -2

r3_lp12_119=
    0    -1
   -2     0
    2     1
    1    -2
   -2    -1

r3_lp12_120=
    0    -1
   -2    -2
   -1     2
    1     1
   -1    -2
   -2    -1

r3_lp12_121=
    0    -1
   -3     0
    2     1
    1     0
   -2    -2

r3_lp12_122=
    0    -1
   -3    -2
    2     1
    1     1
    0    -1
   -2     0

r3_lp12_123=
    0    -1
   -3    -2
    1     2
    1     1
    0    -1
   -2    -2

r3_lp12_124=
    0    -2
   -3    -2
    2     1
    1     0
   -1    -2

r3_lp12_125=
    0    -2
   -3    -1
    2     1
    2     0
   -1    -2

r3_lp12_126=
    0    -2
   -3     1
    1     1
    2     0
   -2    -1

r3_lp12_127=
    0    -2
   -3     0
    1     1
    2     0
   -2    -1

r3_lp12_128=
    0    -2
   -3     0
    1     1
    2     0
   -2    -2

r3_lp12_129=
   -1    -2
   -1     2
    2    -2
   -2    -1

r3_lp12_130=
    1    -1
   -3     2
    0     2
    0    -2

r3_lp12_131=
    0    -1
   -3    -1
    2     1
    2     0
   -1    -2

r3_lp12_132=
    0    -1
   -3     1
    1     1
    2     0
   -2    -1

r3_lp12_133=
   -1    -3
    1     2
    2     0
   -2    -2

r3_lp12_134=
   -1    -3
   -2     2
    2     0
   -1    -2

r3_lp12_135=
    1    -1
   -3    -2
    1    -1
    2     0
   -1    -2

r3_lp12_136=
    0    -1
   -3    -2
    1     1
    2     0
   -1    -2

r3_lp12_137=
    0     1
    1    -1
   -3    -2
   -2    -1
    2     0

r3_lp12_138=
    0    -1
   -2    -3
    2     1
    2     2
    0    -2

r3_lp12_139=
   -1     2
   -1    -2
   -3    -1
   -2     2
    2     0

r3_lp12_140=
    2    -3
    1     2
    0     0
   -2    -2

r3_lp12_141=
    2    -3
    0     1
    2     0
    0    -2
   -2    -1

r3_lp12_142=
    2    -3
   -2     2
    0     0
   -1    -2

r3_lp12_143=
    2    -3
   -2     1
    2     0
    0    -1
   -2    -1

r3_lp12_144=
    2    -3
   -2     2
    0     0
   -2    -1

r3_lp12_145=
    2    -2
   -1     0
    1     0
    1    -2
   -3    -2

r3_lp12_146=
    2    -2
   -2    -1
    0     0
    1     0
   -2    -3

r3_lp12_147=
    2    -2
   -2     2
    0     1
   -2    -1

r3_lp12_148=
    2    -2
   -3    -1
    2     0
    1     0
   -1    -2

r3_lp12_149=
    2    -2
   -3     1
    2     0
    1     0
   -2    -1

r3_lp12_150=
    2    -2
   -3     0
    2     0
    1     0
   -2    -1

r3_lp12_151=
    2    -2
   -3     0
    1     0
    1     0
   -2    -2

r3_lp12_152=
    2    -2
   -3    -2
    2     0
    1     0
   -1    -1

r3_lp12_153=
    2    -2
   -3    -2
    1     0
    1     0
   -1    -2

r3_lp12_154=
    2    -2
   -3    -2
    0     0
    1     0
   -1    -2

r3_lp12_155=
    2    -2
   -3    -1
    1     0
    1     0
   -2    -1

r3_lp12_156=
    2    -2
   -3    -2
    1     0
    1     0
   -2    -1

r3_lp12_157=
    2    -2
   -3    -2
   -1     0
    1     0
   -2    -2

r3_lp12_158=
    2    -1
   -3     0
    2     0
    1     0
   -2    -1

r3_lp12_159=
    2    -1
   -3     0
    1     0
    1     0
   -2    -2

r3_lp12_160=
    2    -1
   -3    -2
    2     0
    1     0
   -1    -1

r3_lp12_161=
    2    -1
   -2    -1
    0     0
    1     1
   -2    -3

r3_lp12_162=
    2    -1
   -2    -3
    2     0
    1     1
    0    -2

r3_lp12_163=
    2    -1
   -2    -3
   -1     2
    0     1
    1     0
   -1    -1

r3_lp12_164=
    2    -1
   -2    -3
    0     0
    1     1
    0    -2

r3_lp12_165=
    2    -1
   -2    -3
   -2     1
    0     1
    1     0
   -1    -1

r3_lp12_166=
    2    -1
   -2    -3
   -1     0
    1     1
    0    -2

r3_lp12_167=
    2    -1
   -2    -3
   -2     0
    1     1
    0    -2

r3_lp12_168=
    0    -2
   -3     0
    2     2
    1     1
    0    -1
   -1     0

r3_lp12_169=
    0    -2
   -3    -1
    1     2
    1     1
    0    -1
   -1     0

r3_lp12_170=
    2    -2
    0     1
    0     2
   -3    -2

r3_lp12_171=
    2    -1
    0     2
    0     2
   -3    -2

r3_lp12_172=
    2    -1
   -1     0
    2     0
    2     1
   -3    -1

r3_lp12_173=
    2    -1
   -1     0
    1     0
    2     0
   -3    -2

r3_lp12_174=
    2    -1
   -1     0
    0     2
   -1    -3

r3_lp12_175=
    2    -1
   -2     2
    0     2
   -2    -1

r3_lp12_176=
    2    -1
   -2     0
    0     2
    2    -3

r3_lp12_177=
    1    -3
   -1     2
    2     1
    0    -1
   -2     0

r3_lp12_178=
    1    -3
    1     2
    2     1
    0    -2
   -1     0

r3_lp12_179=
    1    -3
    1     2
    2     1
    0    -2
   -2    -1

r3_lp12_180=
    1    -3
    0     2
    2     1
    0    -2
   -1     0

r3_lp12_181=
    1    -3
   -2     2
    2     1
    0    -1
   -1     0

r3_lp12_182=
    1    -3
   -2     2
    2     1
    0    -1
   -2    -1

r3_lp12_183=
    1    -3
   -2     1
    2     1
    0    -1
   -2    -2

r3_lp12_184=
    1    -3
   -2     2
    1     0
   -2    -1

r3_lp12_185=
    1    -3
   -2     0
    1     0
   -2    -3

r3_lp12_186=
    0    -3
    2     2
    1     1
    0    -2
    0     1

r3_lp12_187=
    0    -3
   -1     2
    2     1
    1     0
   -1    -1
    0     1

r3_lp12_188=
    0    -3
   -1     2
    2     1
    1     0
   -1    -2
   -1     1

r3_lp12_189=
    0    -3
   -2     2
    1     1
    0    -1
   -2     1

r3_lp12_190=
    1    -1
   -3     0
    2     2
    1     1
    0    -1
   -1     0

r3_lp12_191=
    1    -1
   -3     2
    2     1
    1     0
   -2    -1

r3_lp12_192=
    1    -2
   -1     2
    1     2
   -2    -1

r3_lp12_193=
    3    -3
   -1     2
    0     0
   -1    -2

r3_lp12_194=
    3    -3
    1     0
    0    -2

r3_lp12_195=
    3    -3
   -2     2
    0     0
   -1    -1

r3_lp12_196=
    3    -2
   -1     0
    2     0
    1    -2
   -2    -1

r3_lp12_197=
    3    -2
   -2    -1
    2     0
    1     0
   -2    -1

r3_lp12_198=
    3    -2
   -2    -1
    0     0
    1     0
   -2    -2

r3_lp12_199=
    3    -2
   -2     2
    0     1
   -1    -1

r3_lp12_200=
    3    -2
   -2     0
    0     1
   -1    -2

r3_lp12_201=
    3    -2
   -2    -1
    0     1
   -1    -2

r3_lp12_202=
    3    -2
   -2     1
    0     1
   -2    -1

r3_lp12_203=
    3    -2
   -3     2
    0     1
    0    -2

r3_lp12_204=
    3    -2
   -3    -1
    2     0
    1     0
   -1    -1

r3_lp12_205=
    3    -2
   -3     0
    0     1
    0    -2

r3_lp12_206=
    3    -2
   -3    -2
    1     0
    1     0
   -1    -1

r3_lp12_207=
    3    -2
   -3    -2
    0     1
    0    -2

r3_lp12_208=
    3    -1
   -3     2
    0     1
    0    -2

r3_lp12_209=
    3    -1
   -3    -1
    2     0
    1     0
   -1    -1

r3_lp12_210=
    3    -1
   -2    -1
    2     0
    1     1
   -2    -1

r3_lp12_211=
    3    -1
   -2    -1
    0     0
    1     1
   -2    -2

r3_lp12_212=
    3    -1
   -2    -2
   -1     0
    1     1
    0    -2

r3_lp12_213=
    3    -1
   -2    -2
    1     0
    1     1
   -1    -1

r3_lp12_214=
    3    -1
   -2    -2
    0     1
    1    -2

r3_lp12_215=
    3    -1
   -2    -3
    0     2
    0     1
    1     0
   -1    -1

r3_lp12_216=
    3    -1
   -2    -3
   -1     1
    0     1
    1     0
   -1    -1

r3_lp12_217=
    3    -1
   -2    -3
   -2     0
    0     1
    1     0
   -1    -1

r3_lp12_218=
    0    -2
   -1     3
    1     1
   -2     0

r3_lp12_219=
    0    -2
   -2     0
    3     1
    1    -1
   -1     0

r3_lp12_220=
    3    -2
   -1     0
    2    -2
