r3_lp10_1=
   -2    -3
   -2     2
    0     0
   -2    -2

r3_lp10_2=
   -1    -3
   -1     2
    0     0
   -2    -2

r3_lp10_3=
   -1     2
   -2    -2
   -2    -2
    1    -1

r3_lp10_4=
    1    -2
   -2    -2
    1    -2

r3_lp10_5=
    0     2
   -2    -3
   -2    -2
   -2     1
    0    -1

r3_lp10_6=
    0    -2
   -3    -2
    0    -1
    1     0
   -2    -2

r3_lp10_7=
    1    -3
   -2     2
   -1     0
   -2    -2

r3_lp10_8=
    1    -2
   -2     2
   -1     0
   -2    -2

r3_lp10_9=
    1    -2
   -3    -1
    2    -1
    0     0
   -2    -2

r3_lp10_10=
    1    -2
   -3    -2
    1    -1
    0     0
   -2    -2

r3_lp10_11=
   -1    -2
   -2     2
    1     0
   -1    -2
   -2    -1

r3_lp10_12=
   -1    -2
   -2    -1
    2     1
    0     0
   -1    -2
   -2    -1

r3_lp10_13=
    0     2
    1    -1
   -3    -2
   -2    -2
   -1     0
    0    -1

r3_lp10_14=
   -1    -3
   -1     1
    1     0
    0    -2
   -2    -1

r3_lp10_15=
    0     1
   -1    -3
   -2    -2
   -1     0
    0    -2

r3_lp10_16=
    1    -2
   -2    -1
    2    -1
    1     0
   -2    -2

r3_lp10_17=
    0     2
    1    -2
   -2    -2
   -2    -1
    1    -1

r3_lp10_18=
    1    -2
   -2    -1
    1    -1
    1    -1
   -2    -2

r3_lp10_19=
    0     1
   -2    -2
   -2    -1
    1    -2

r3_lp10_20=
    1    -2
   -3    -2
    1     2
   -1     1
    0    -1
   -2    -2

r3_lp10_21=
    0     1
    1    -2
   -3    -2
   -2    -2
   -1     1
    0    -1

r3_lp10_22=
    0     2
    1    -2
   -3    -2
   -2    -1
    1     0

r3_lp10_23=
    1    -2
   -3    -2
   -1    -1
    1     0
   -2    -2

r3_lp10_24=
    0    -2
   -2    -1
    1     1
    0     1
    0    -2
   -2    -1

r3_lp10_25=
    0    -2
   -2     0
    1     1
    0     1
   -1    -2
   -2    -1

r3_lp10_26=
    0    -2
   -3    -2
    2     0
    1     0
   -1    -2

r3_lp10_27=
    0    -2
   -3    -2
    1     1
    0     1
    0    -1
   -2    -1

r3_lp10_28=
    0    -2
   -3    -2
    0     1
    0     1
    0    -1
   -2    -1

r3_lp10_29=
    0    -2
   -3    -2
    0     1
    0     1
    0    -1
   -2    -2

r3_lp10_30=
    0    -2
   -3    -1
    1     0
    1     0
   -2    -1

r3_lp10_31=
    0    -2
   -3    -2
    1     0
    1     0
   -2    -1

r3_lp10_32=
   -1    -3
   -2     2
    1     0
   -1    -2

r3_lp10_33=
    0    -1
   -3    -2
    0     1
    0     1
    0    -1
   -2    -2

r3_lp10_34=
   -1    -3
   -1     1
    1     0
   -2    -1

r3_lp10_35=
   -1    -3
   -1     1
    1     0
   -2    -2

r3_lp10_36=
   -1    -3
   -2     1
    1     0
   -2    -1

r3_lp10_37=
   -2    -3
    2     2
    0    -2

r3_lp10_38=
   -1    -2
   -3    -2
    1     1
    2     0
   -1    -2

r3_lp10_39=
    0    -2
   -3     1
    0     2
    0    -2

r3_lp10_40=
    0     1
   -2    -3
   -2    -2
   -2     2
    0    -1

r3_lp10_41=
    0     1
   -1    -2
   -3    -2
   -2     1
    2     0

r3_lp10_42=
    0    -2
   -3    -2
   -2     2
    0    -2

r3_lp10_43=
    0    -2
   -3    -2
   -1    -1
    2     0
   -2    -2

r3_lp10_44=
   -1    -2
   -3    -2
   -1     1
    2     0
   -2    -2

r3_lp10_45=
    0    -1
   -2    -3
   -2    -1
    1     2
    0    -2

r3_lp10_46=
    0    -2
   -3    -2
    0     2
    0    -2

r3_lp10_47=
    2    -2
   -2     2
   -1    -1
   -2    -2

r3_lp10_48=
   -1     2
    2    -3
   -2    -2
   -1     0

r3_lp10_49=
    1     2
   -3    -2
   -2    -1
    0    -2

r3_lp10_50=
   -1     2
    2    -2
   -2    -2
   -2    -1
    0    -1

r3_lp10_51=
    0     2
    2    -2
   -3    -2
   -2    -2
   -1     0
    0    -1

r3_lp10_52=
    1     2
   -2    -3
   -1    -2
   -1     0
    0    -2

r3_lp10_53=
    0     2
   -2    -3
   -2    -2
   -1     0
    0    -2

r3_lp10_54=
    0     2
    2    -1
   -2    -2
   -2    -2
   -1     0
    0    -1

r3_lp10_55=
   -1     2
   -2    -2
   -2    -1
    1    -1

r3_lp10_56=
    0     2
   -2    -2
   -1    -2
   -1     1
    0    -2

r3_lp10_57=
   -2    -2
    2     1
   -2    -1

r3_lp10_58=
    0     2
   -1    -2
   -2    -1
    1    -2

r3_lp10_59=
   -1    -2
    1     2
    2     1
   -1    -2
   -2    -1

r3_lp10_60=
    0     1
    2    -1
   -2    -2
   -2    -1
    1    -1

r3_lp10_61=
   -1    -2
   -2    -1
    2     1
   -1    -2
   -2    -1

r3_lp10_62=
   -1    -2
   -2     2
    2     1
    0    -1
   -2    -1

r3_lp10_63=
   -1    -2
   -2    -1
    2     1
    0    -1
   -2    -1

r3_lp10_64=
   -1    -2
   -2     2
    1     0
   -2    -1

r3_lp10_65=
    0     2
   -1    -3
   -2    -1
    1     0

r3_lp10_66=
   -1    -2
   -2    -1
    2     1
    1     0
   -2    -1

r3_lp10_67=
    0     1
    2    -2
   -2    -2
   -2    -1
    2     1

r3_lp10_68=
   -1     2
   -2    -2
   -2    -1
    2     1

r3_lp10_69=
    1    -1
   -2    -1
    2     0
    1    -2
   -2    -1

r3_lp10_70=
    1    -1
   -2    -2
    2     0
    1    -1
   -2    -1

r3_lp10_71=
    0    -3
    1     2
    1     0
   -2    -2

r3_lp10_72=
    0    -3
   -2     2
    1     0
   -1    -2

r3_lp10_73=
   -1    -3
    2     2
    0    -2

r3_lp10_74=
   -1    -3
    1     2
    0    -2

r3_lp10_75=
    2    -3
    2     0
    0    -2

r3_lp10_76=
    2    -3
   -1     2
    0     0
   -1    -1

r3_lp10_77=
    2    -2
   -3     0
    2     0
    1     0
   -1    -1

r3_lp10_78=
    2    -2
   -3    -1
    1     0
    1     0
   -1    -1

r3_lp10_79=
    2    -2
   -3    -2
    0     0
    1     0
   -1    -1

r3_lp10_80=
    2    -1
   -2    -3
    1     2
    0     1
    1     0
   -1    -1

r3_lp10_81=
    2    -1
   -2    -3
    0     1
    0     1
    1     0
   -1    -1

r3_lp10_82=
    2    -1
   -2    -3
   -2    -1
    0     1
    1     0
   -1    -1

r3_lp10_83=
    2    -1
    0     1
    0     2
   -3    -2

r3_lp10_84=
    2    -1
   -1     0
    0     2
    1    -3

r3_lp10_85=
    1    -3
    0     2
    2     1
    0    -1
   -1     0

r3_lp10_86=
    1    -3
    2     2
    1     0
   -2    -1

r3_lp10_87=
    0    -3
    1     2
    2     1
    1     0
   -1    -1
    0     1

r3_lp10_88=
    3    -3
    0     2
    0     0
   -1    -1

r3_lp10_89=
    3    -2
   -1     0
    1    -2

r3_lp10_90=
    3    -2
   -2     0
    0     1
   -1    -1

r3_lp10_91=
    3    -2
   -3     1
    2     0
    1     0
   -1    -1

r3_lp10_92=
    3    -2
   -3     0
    1     0
    1     0
   -1    -1

r3_lp10_93=
    3    -2
   -3    -1
    0     0
    1     0
   -1    -1

r3_lp10_94=
    3    -2
   -3    -2
   -1     0
    1     0
   -1    -1

r3_lp10_95=
    3    -1
   -2    -2
   -1     0
    1     1
   -1    -1
