r3_lp27_1=
    1    -2
   -3    -2
    0     2
    3     2
    2     0
   -2    -3
   -2     0

r3_lp27_2=
    2    -2
   -2     0
    2     3
    2     2
   -2    -3
   -2     0

r3_lp27_3=
    2    -2
   -3     0
    2     3
    2     2
    0    -3
   -2     0

r3_lp27_4=
    2    -2
   -3    -2
    2     3
    2     2
    0    -2
   -2     0

r3_lp27_5=
    0    -3
    0     2
    3     2
    3     0
   -3    -2
    0     2

r3_lp27_6=
    0    -3
   -2     0
    3     2
    3     0
   -2    -3
    0     2
