r3_lp9_1=
    0    -3
   -2     2
   -1     0
   -2    -2

r3_lp9_2=
   -2    -2
    2     0
   -2    -2

r3_lp9_3=
   -1     2
   -2    -3
   -2    -2
    0     0

r3_lp9_4=
    0    -2
   -3    -2
    1    -1
    0     0
   -2    -2

r3_lp9_5=
    0     2
   -1    -3
   -2    -2
   -2     0
    0    -1

r3_lp9_6=
   -1    -3
   -1     1
    0     0
   -2    -2

r3_lp9_7=
    0     2
   -2    -2
   -2    -2
    1    -1

r3_lp9_8=
   -1     2
   -2    -2
   -2    -2
    1     0

r3_lp9_9=
    1     2
   -2    -3
   -2    -2
   -2     1
    0    -1

r3_lp9_10=
    0     2
   -2    -3
   -2    -2
    1     0

r3_lp9_11=
    0    -1
   -2    -3
   -2    -2
    0     1
    0    -2

r3_lp9_12=
    1    -2
   -2     2
   -1    -1
   -2    -2

r3_lp9_13=
    1    -3
   -1     2
   -1     0
   -2    -2

r3_lp9_14=
    1    -3
   -2     1
   -1     0
   -2    -2

r3_lp9_15=
    1    -2
   -2    -1
    2    -1
    0    -1
   -2    -2

r3_lp9_16=
    0     2
    1    -2
   -3    -2
   -2    -2
   -1     0
    0    -1

r3_lp9_17=
    1    -2
   -3    -1
    1    -1
    0     0
   -2    -2

r3_lp9_18=
    0     1
   -2    -3
   -2    -2
   -1     0
    0    -2

r3_lp9_19=
    1    -2
   -1     2
   -1     1
   -2    -2

r3_lp9_20=
    1    -2
   -2    -1
    1    -1
    1     0
   -2    -2

r3_lp9_21=
    1    -2
   -2     1
    2    -1
    1    -1
   -2    -2

r3_lp9_22=
    0     1
    1    -2
   -2    -2
   -2    -1
    1    -1

r3_lp9_23=
    0     1
   -2    -2
   -1    -2
   -1     1
   -1    -2

r3_lp9_24=
    1    -2
   -3    -2
    2    -1
    1     0
   -1    -2

r3_lp9_25=
    1    -2
   -3    -2
    1    -1
    1     0
   -1    -2

r3_lp9_26=
    0     1
   -2    -3
   -2    -2
   -1     1
    0    -1

r3_lp9_27=
    1    -2
   -3    -2
   -1     1
    0    -2

r3_lp9_28=
    0    -2
   -2    -1
    0     1
    0     1
    0    -2
   -2    -1

r3_lp9_29=
    0     1
   -1    -3
   -2    -2
   -2     1
    0    -1

r3_lp9_30=
    1    -2
   -3    -2
   -2     2
    0    -1

r3_lp9_31=
   -1    -2
   -3     1
    1     2
    0    -2

r3_lp9_32=
    0     1
   -2    -3
   -2    -2
    2     0

r3_lp9_33=
   -1    -2
   -3    -2
   -1     0
    2     0
   -2    -2

r3_lp9_34=
    0    -2
   -3    -2
   -1     2
    0    -2

r3_lp9_35=
   -1    -2
   -3    -2
   -1     1
    2     0
   -2    -1

r3_lp9_36=
    0     2
    2    -3
   -2    -2
   -2    -1
    0    -1

r3_lp9_37=
    1     2
   -3    -1
   -2    -1
    0    -2

r3_lp9_38=
    0     2
   -3    -2
   -2    -1
    0    -2

r3_lp9_39=
    1     2
    2    -2
   -3    -2
   -2    -2
   -1     0
    0    -1

r3_lp9_40=
    0     1
    2    -2
   -3    -2
   -2    -2
   -1     0
    0    -1

r3_lp9_41=
    0     2
   -2    -3
   -1    -2
   -1     0
    0    -2

r3_lp9_42=
   -1     2
   -2    -3
   -2    -2
   -1     0
    0    -2

r3_lp9_43=
   -1    -2
   -2     1
    2     2
    0     0
   -1    -2
   -2    -1

r3_lp9_44=
   -1     2
   -2    -2
   -2    -1
    1     0

r3_lp9_45=
   -1    -2
   -1     2
    1    -2
   -2    -1

r3_lp9_46=
   -1    -2
    2     2
    1    -1
   -2    -1

r3_lp9_47=
   -1    -2
   -2     2
    1    -1
   -2    -1

r3_lp9_48=
   -1     2
   -2    -2
   -1     2

r3_lp9_49=
    1    -1
   -2     2
    0     1
   -2    -1

r3_lp9_50=
    2    -3
    0     2
    0     0
   -1    -1

r3_lp9_51=
    2    -2
   -3     1
    2     0
    1     0
   -1    -1

r3_lp9_52=
    2    -2
   -3    -1
    0     0
    1     0
   -1    -1

r3_lp9_53=
    2    -2
   -3    -2
   -1     0
    1     0
   -1    -1

r3_lp9_54=
    2    -1
    0     0
    2    -3

r3_lp9_55=
    1    -3
    1     2
    2     1
    0    -1
   -1     0

r3_lp9_56=
    3    -3
    1     2
    0     0
   -1    -1

r3_lp9_57=
    3    -2
   -2    -1
    0     1
   -1    -1

r3_lp9_58=
    3    -2
   -3     2
    0     1
    0    -1

r3_lp9_59=
    3    -2
   -3     1
    0     1
    0    -1

r3_lp9_60=
    3    -2
   -3     0
    0     1
    0    -1

r3_lp9_61=
    3    -2
   -3    -1
    0     1
    0    -1

r3_lp9_62=
    3    -2
   -3    -2
    0     1
    0    -1
