r3_lp24_1=
    3    -1
   -2    -3
   -2     0
    2     0
    2     2
    0    -2
   -3    -2

r3_lp24_2=
    2    -2
   -3    -2
    0     2
    3     1
    2     0
   -2    -3
   -2     0

r3_lp24_3=
    2    -1
   -3    -2
    0     2
    3     1
    2     0
   -2    -3
   -2     0

r3_lp24_4=
    2    -1
   -2    -2
    0     2
    3     1
    2     2
   -2    -3
   -2     0

r3_lp24_5=
    2    -1
   -2    -3
    0     2
    3     1
    2     2
    0    -3
   -2     0

r3_lp24_6=
    2    -1
   -2    -3
   -2     2
    3     1
    2     2
    0    -2
   -2     0

r3_lp24_7=
    2    -1
   -2    -3
   -2     0
    3     1
    2     2
    0    -2
   -3     0

r3_lp24_8=
    2    -1
   -2    -3
   -2     0
    2     1
    2     2
    0    -2
   -3    -2

r3_lp24_9=
    0    -2
   -3    -2
    0     2
    3     2
    2     1
    0    -2
   -3    -2
    0     1

r3_lp24_10=
    0    -1
   -2    -2
    0     2
    3     2
    2     2
    1    -2
   -3    -2
    0     1

r3_lp24_11=
    0    -1
   -3     0
    2     3
    2     2
    2     0
   -3    -2
    0     1

r3_lp24_12=
    0    -1
   -3    -2
    2     3
    2     2
    2     0
   -2    -2
    0     1

r3_lp24_13=
    0    -1
   -3    -2
    0     3
    2     2
    2     0
   -2    -3
    0     1

r3_lp24_14=
    0    -1
   -3    -2
    0     2
    2     2
    2     0
   -2    -3
   -2     1

r3_lp24_15=
    0    -1
   -3    -2
    0     2
    3     2
    2     0
   -2    -3
   -2     0

r3_lp24_16=
    0    -2
   -2     0
    2     3
    2     2
    2    -1
   -3    -2
    0     1

r3_lp24_17=
    0    -2
   -2     2
    3     2
    2     2
   -2    -2
    0     1

r3_lp24_18=
    0    -2
   -2     0
    3     2
    2     2
   -2    -3
    0     1

r3_lp24_19=
    0    -2
   -2     0
    2     2
    2     2
   -2    -3
   -2     1

r3_lp24_20=
    0    -2
   -2     0
    2     3
    2     2
   -2    -3
   -2     0

r3_lp24_21=
    0    -2
   -3    -1
    2     3
    2     2
    2     0
   -2    -2
    0     1

r3_lp24_22=
    0    -2
   -3     0
    3     2
    2     2
    0    -3
    0     1

r3_lp24_23=
    0    -2
   -3     0
    2     2
    2     2
    0    -3
   -2     1

r3_lp24_24=
    0    -2
   -3     0
    2     3
    2     2
    0    -3
   -2     0

r3_lp24_25=
    0    -2
   -3    -2
    1     3
    2     2
    2     0
   -2    -2
    0     1

r3_lp24_26=
    0    -2
   -3    -2
    2     2
    2     2
    0    -2
   -2     1

r3_lp24_27=
    0    -2
   -3    -2
    2     3
    2     2
    0    -2
   -2     0

r3_lp24_28=
    0    -2
   -3    -2
    0     2
    2     2
    2     0
   -2    -3
   -1     1

r3_lp24_29=
    0    -2
   -3    -2
    0     3
    2     2
    0    -2
   -3     0

r3_lp24_30=
    0    -2
   -3    -2
    0     2
    2     2
    2     0
   -2    -3
   -2     0

r3_lp24_31=
    1    -1
   -2    -2
    0     2
    3     2
    2     1
   -1    -3
   -2     0

r3_lp24_32=
    1    -1
   -2    -2
    2     3
    2     2
    1    -2
   -2     0

r3_lp24_33=
    1    -1
   -2    -2
    0     3
    2     2
    1    -2
   -3     0

r3_lp24_34=
    1    -1
   -2    -2
    0     2
    2     2
    2     1
   -2    -3
   -2     1

r3_lp24_35=
    1    -1
   -3    -1
    2     3
    2     2
    0    -2
   -2     0

r3_lp24_36=
    1    -1
   -3     0
    3     2
    2     0
   -3     0

r3_lp24_37=
    1    -2
   -2    -1
    2     3
    2     2
   -1    -2
   -2     0

r3_lp24_38=
    1    -2
   -2     0
    3     2
    2    -1
   -3     0

r3_lp24_39=
    1    -2
   -2     1
    3     2
    2    -2
   -2     0

r3_lp24_40=
    1    -2
   -2     2
    2     2
    2    -2
   -2     1
