r3_lp18_1=
    1    -2
   -3    -2
    2     2
    0     2
    0    -2
   -2    -1

r3_lp18_2=
    0    -2
   -3    -2
    2     2
    1     1
    0    -2
   -2    -1

r3_lp18_3=
    0    -2
   -2     2
    2     1
    2    -2
   -2    -1

r3_lp18_4=
    0    -2
   -3    -1
    2     2
    1     2
    0    -2
   -2    -1

r3_lp18_5=
    0    -2
   -3    -2
    1     2
    1     2
    0    -2
   -2    -1

r3_lp18_6=
    0    -2
   -3    -2
    2     1
    1     2
    0    -2
   -2     0

r3_lp18_7=
   -1    -2
   -2     2
    2     2
    1    -2
   -2    -1

r3_lp18_8=
   -1    -3
   -1     2
    2     2
    0    -2
   -2    -1

r3_lp18_9=
   -1    -3
   -2     1
    2     2
    0    -2
   -2    -1

r3_lp18_10=
    1    -1
   -3    -2
    2     0
    2     0
   -2    -2

r3_lp18_11=
   -1    -2
   -2    -1
    2     2
    2     2
   -1    -2
   -2    -1

r3_lp18_12=
    0     2
    2    -1
   -2    -3
   -2    -2
   -2    -1
    2     2
    0    -1

r3_lp18_13=
   -1    -2
   -3    -1
    1     2
    2     2
    0    -2
   -2    -1

r3_lp18_14=
    1    -1
   -2    -3
   -1     2
    0     2
    2     0
   -2    -2

r3_lp18_15=
    0     2
   -1    -2
   -3    -2
   -2    -1
    2     2
    0    -2

r3_lp18_16=
    1    -1
   -2    -3
   -2     1
    0     2
    2     0
   -2    -2

r3_lp18_17=
    0    -1
   -2    -3
   -2     2
    1     2
    2     0
   -2    -2

r3_lp18_18=
    0    -1
   -2    -3
   -2     0
    1     1
    1     2
    2     0
   -2    -3
   -2    -1

r3_lp18_19=
    0    -2
   -3    -2
    0     1
    1     1
    2     0
   -2    -3
   -2     0

r3_lp18_20=
    1    -1
   -3    -2
    0     1
    0     2
    0    -2
   -3    -2

r3_lp18_21=
    1    -1
   -2    -3
    0     1
    0     2
    2     0
   -3    -2

r3_lp18_22=
    1    -1
   -2    -3
   -2     0
    1     0
    2     2
    0    -2
   -3    -1

r3_lp18_23=
    1    -2
   -3    -2
    0     2
    0     2
    0    -2
   -3    -1

r3_lp18_24=
    0    -2
   -3     0
    2     1
    2     0
   -3    -1

r3_lp18_25=
    0     2
   -1    -3
   -3    -1
    2     0

r3_lp18_26=
    0     2
   -1    -2
   -3    -2
   -3    -2
    2     2
    0    -2

r3_lp18_27=
    0    -2
   -3    -2
    0     2
    1     2
    0    -2
   -3    -2

r3_lp18_28=
    0    -1
   -2    -3
    0     2
    1     2
    2     0
   -3    -2

r3_lp18_29=
    0    -2
   -3     0
    2     1
    1     2
    0    -3
   -2     0

r3_lp18_30=
    2    -2
   -3    -2
    0     2
    0     1
    0    -2
   -3    -2

r3_lp18_31=
    2    -1
   -3    -2
    0     2
    0     1
    0    -2
   -3    -2

r3_lp18_32=
    2    -1
   -2    -2
    0     2
    0     1
    1    -2
   -3    -2

r3_lp18_33=
    2    -1
   -2    -3
    0     2
    0     1
    1     0
   -3    -2

r3_lp18_34=
    2    -1
   -2    -3
   -2     2
    0     1
    1     0
   -2    -2

r3_lp18_35=
    2    -1
   -2    -3
   -2     0
    2     0
    1     1
    0    -2
   -3    -1

r3_lp18_36=
    0    -3
   -2     0
    2     2
    1     0
   -2    -3
   -2     0

r3_lp18_37=
    0    -1
   -2    -2
    0     2
    2     1
    1     0
   -2    -3
   -2     0

r3_lp18_38=
    0    -1
   -3     0
    2     2
    1     1
    0    -3
   -2     0

r3_lp18_39=
    0    -1
   -3    -2
    2     2
    1     1
    0    -2
   -2     0

r3_lp18_40=
    0    -1
   -3    -2
    0     2
    2     1
    1     0
   -2    -3
   -1     0

r3_lp18_41=
    0    -2
   -2     0
    2     2
    1     1
   -1    -3
   -2     0

r3_lp18_42=
    0    -2
   -2     2
    2     1
    1    -2
   -2     0

r3_lp18_43=
    0    -2
   -2     0
    2     2
    1     1
   -2    -3
   -1     0

r3_lp18_44=
    0    -2
   -3    -1
    2     2
    1     1
    0    -2
   -2     0

r3_lp18_45=
    0    -2
   -3     0
    2     2
    1     1
    0    -3
   -1     0

r3_lp18_46=
    0    -2
   -3    -2
    1     2
    2     1
    1     0
   -2    -2
   -1     0

r3_lp18_47=
    0    -2
   -3    -2
    0     1
    2     1
    1     0
   -2    -3
   -2     0

r3_lp18_48=
    2    -2
   -2    -1
    0     2
    0     2
    0    -2
   -3    -2

r3_lp18_49=
    2    -2
   -2     0
    2     0
    2    -1
   -3    -1

r3_lp18_50=
    2    -2
   -2     1
    2     0
    2    -2
   -2    -1

r3_lp18_51=
    2    -2
   -2     0
    1     0
    2    -2
   -3    -2

r3_lp18_52=
    2    -2
   -3    -2
    0     2
    0     2
    0    -1
   -2    -2

r3_lp18_53=
    2    -2
   -3    -1
    1     2
    0     2
    0    -2
   -2    -1

r3_lp18_54=
    2    -2
   -3     0
    1     0
    2     0
   -3    -2

r3_lp18_55=
    2    -2
   -3    -2
    0     2
    0     2
    0    -2
   -2    -1

r3_lp18_56=
    2    -2
   -3    -2
    1     0
    2     0
   -2    -2

r3_lp18_57=
    2    -2
   -3    -2
    0     0
    2     0
   -2    -3

r3_lp18_58=
    2    -1
   -2    -2
    0     2
    0     2
   -1    -2
   -3    -2

r3_lp18_59=
    2    -1
   -2    -2
    0     2
    0     2
    0    -1
   -3    -2

r3_lp18_60=
    2    -1
   -2    -2
    2     0
    2     0
   -2    -2

r3_lp18_61=
    2    -1
   -2    -2
    0     2
    0     2
    0    -2
   -3    -1

r3_lp18_62=
    2    -1
   -2    -2
   -1     0
    2     0
    2     1
    0    -2
   -3    -2

r3_lp18_63=
    2    -1
   -2    -2
    0     2
    0     2
    1    -1
   -3    -1

r3_lp18_64=
    2    -1
   -2    -2
    1     2
    0     2
    1    -2
   -2    -1

r3_lp18_65=
    2    -1
   -2    -2
    0     1
    0     2
    1    -2
   -3    -2

r3_lp18_66=
    2    -1
   -3     0
    1     0
    2     0
   -3    -2

r3_lp18_67=
    2    -1
   -3    -2
    0     2
    0     2
    0    -2
   -2    -1

r3_lp18_68=
    2    -1
   -3    -2
    1     0
    2     0
   -2    -2

r3_lp18_69=
    2    -1
   -3    -2
    0     0
    2     0
   -2    -3

r3_lp18_70=
    2    -1
   -2    -2
   -1     0
    2     0
    2     2
    1    -2
   -3    -2

r3_lp18_71=
    2    -1
   -2    -2
    0     2
    0     2
    2     0
   -3    -2

r3_lp18_72=
    2    -1
   -2    -2
   -1     0
    2     0
    2     2
    0    -2
   -3    -1

r3_lp18_73=
    2    -1
   -2    -2
    0     1
    0     2
    2    -1
   -3    -2

r3_lp18_74=
    2    -1
   -2    -2
    0     2
    0     2
    2    -2
   -2    -1

r3_lp18_75=
    2    -1
   -2    -2
    1     0
    2     2
   -2    -2

r3_lp18_76=
    2    -1
   -2    -2
    0     0
    2     2
   -2    -3

r3_lp18_77=
    2    -1
   -2    -3
    0     2
    0     2
    2     0
   -2    -2

r3_lp18_78=
    2    -1
   -2    -3
   -2     1
    2     0
    2     2
    0    -1
   -2    -2

r3_lp18_79=
    2    -1
   -2    -3
   -2     0
    1     2
    0     2
    2     0
   -1    -2
   -2    -1

r3_lp18_80=
    2    -1
   -2    -3
    0     0
    2     2
    0    -3

r3_lp18_81=
    2    -1
   -2    -3
   -2    -1
    2     0
    2     2
    0    -2
   -2    -1

r3_lp18_82=
    2    -1
   -2    -3
   -2     0
    0     2
    2     0
   -2    -2

r3_lp18_83=
    1    -3
   -2     0
    2     2
    1     0
   -2    -3
   -2     0

r3_lp18_84=
    0    -3
    0     2
    2     1
    1     0
   -3    -2
    0     1

r3_lp18_85=
    0    -3
   -2     2
    2     1
    1     0
   -2    -2
    0     1

r3_lp18_86=
    0    -3
   -2     0
    2     2
    1     1
    0    -2
   -3    -1
    0     1

r3_lp18_87=
    0    -3
   -2     0
    2     2
    1     1
    0    -2
   -3    -2
   -1     1

r3_lp18_88=
    1    -1
   -2    -2
    0     2
    2     1
    1    -1
   -2    -3
   -2     0

r3_lp18_89=
    1    -1
   -2    -2
    0     2
    2     1
    1     0
   -1    -3
   -2     0

r3_lp18_90=
    1    -1
   -2    -2
    2     2
    1     1
    0    -2
   -2     0

r3_lp18_91=
    1    -1
   -3    -1
    2     2
    1     1
    0    -2
   -2     0

r3_lp18_92=
    1    -1
   -3     0
    2     2
    1     1
    0    -3
   -1     0

r3_lp18_93=
    1    -1
   -3     0
    2     2
    1     1
    0    -3
   -2    -1

r3_lp18_94=
    1    -1
   -3    -2
    1     2
    2     1
    1     0
   -2    -2
   -1     0

r3_lp18_95=
    1    -1
   -3    -2
    2     2
    1     1
    0    -2
   -2    -1

r3_lp18_96=
    1    -1
   -3    -2
    0     1
    2     1
    1     0
   -2    -3
   -2     0

r3_lp18_97=
    1    -1
   -3    -2
    0     2
    1     1
    0    -2
   -3    -1

r3_lp18_98=
    1    -1
   -3    -2
    0     2
    1     1
    0    -2
   -3    -2

r3_lp18_99=
    1    -2
   -2    -1
    0     2
    2     1
    1     0
   -2    -3
   -2     0

r3_lp18_100=
    1    -2
   -2    -1
    2     2
    1     1
   -1    -2
   -2     0

r3_lp18_101=
    1    -2
   -2     0
    2     2
    1     1
   -1    -3
   -1     0

r3_lp18_102=
    1    -2
   -2     0
    2     2
    1     1
   -1    -3
   -2    -1

r3_lp18_103=
    1    -2
   -2     1
    2     2
    1     1
   -2    -2
   -1     0

r3_lp18_104=
    1    -2
   -2     2
    2     1
    1    -2
   -2    -1

r3_lp18_105=
    1    -2
   -2     0
    1     2
    1     1
   -2    -3
   -2     0

r3_lp18_106=
    1    -2
   -2     0
    2     1
    1    -2
   -3    -1

r3_lp18_107=
    1    -2
   -2     0
    2     1
    1    -2
   -3    -2

r3_lp18_108=
    1    -2
   -3    -2
    0     2
    2     1
    1     0
   -1    -2
   -2     0

r3_lp18_109=
    1    -2
   -3    -1
    1     2
    2     1
    1     0
   -2    -2
   -1     0

r3_lp18_110=
    1    -2
   -3    -1
    2     2
    1     1
    0    -2
   -2    -1

r3_lp18_111=
    1    -2
   -3     0
    1     2
    1     1
    0    -3
   -2     0

r3_lp18_112=
    1    -2
   -3     0
    2     1
    1     0
   -3    -2

r3_lp18_113=
    1    -2
   -3    -2
    0     2
    2     1
    1     0
   -2    -2
   -1     0

r3_lp18_114=
    1    -2
   -3    -2
    1     2
    1     1
    0    -2
   -2     0

r3_lp18_115=
    1    -2
   -3    -2
    1     2
    1     1
    0    -2
   -2    -1

r3_lp18_116=
    1    -2
   -3    -2
    2     1
    1     0
   -2    -2

r3_lp18_117=
    1    -2
   -3    -2
    0     2
    1     1
    0    -2
   -3     0

r3_lp18_118=
    1    -2
   -3    -2
    0     1
    1     1
    0    -2
   -3    -2

r3_lp18_119=
    1    -2
   -2    -1
    0     2
    2     1
    2     1
   -2    -3
   -2     0

r3_lp18_120=
    1    -2
   -2    -1
    2     2
    1     2
    0    -2
   -2     0

r3_lp18_121=
    1    -2
   -2    -1
    0     2
    2     1
    2     0
   -2    -3
   -1     0

r3_lp18_122=
    1    -2
   -2    -1
    0     2
    2     1
    2     0
   -2    -3
   -2    -1

r3_lp18_123=
    1    -2
   -2    -1
    1     2
    2     1
    2    -1
   -2    -2
   -1     0

r3_lp18_124=
    1    -2
   -2    -1
    2     2
    1     2
   -1    -2
   -2    -1

r3_lp18_125=
    1    -2
   -2     0
    1     2
    1     2
   -1    -3
   -2     0

r3_lp18_126=
    1    -2
   -2     0
    2     1
    2    -1
   -3    -1

r3_lp18_127=
    1    -2
   -2     0
    2     1
    2    -1
   -3    -2

r3_lp18_128=
    1    -2
   -2     0
    2     2
    1     2
   -2    -2
   -1     0

r3_lp18_129=
    1    -2
   -2     1
    2     1
    2    -2
   -2     0

r3_lp18_130=
    1    -2
   -2     1
    2     1
    2    -2
   -2    -1

r3_lp18_131=
    1    -2
   -2     2
    1     2
   -2    -2

r3_lp18_132=
    1    -2
   -2     0
    2     1
    2    -2
   -3     0

r3_lp18_133=
    1    -2
   -3     0
    2     2
    1     2
    0    -2
   -2     0

r3_lp18_134=
    1    -2
   -3    -2
    1     2
    2     1
    2     0
   -1    -2
   -2     0

r3_lp18_135=
    1    -2
   -3    -2
    0     1
    2     2
    1     2
    0    -1
   -2    -2
   -1     0

r3_lp18_136=
    1    -2
   -3    -2
    0     2
    2     1
    2     0
   -1    -2
   -2    -1

r3_lp18_137=
    1    -2
   -3    -1
    0     2
    2     1
    2     0
   -2    -2
   -1     0

r3_lp18_138=
    1    -2
   -3    -1
    1     2
    1     2
    0    -2
   -2     0

r3_lp18_139=
    1    -2
   -3    -1
    1     2
    1     2
    0    -2
   -2    -1

r3_lp18_140=
    1    -2
   -3     0
    2     1
    2     0
   -3     0

r3_lp18_141=
    1    -2
   -3    -2
   -1     2
    2     1
    2     0
   -2    -2
   -1     0

r3_lp18_142=
    1    -2
   -3    -2
    0     2
    1     2
    0    -2
   -2     0

r3_lp18_143=
    1    -2
   -3    -2
    0     2
    1     2
    0    -2
   -2    -1

r3_lp18_144=
    1    -1
   -2     0
    2     2
    1     2
   -2    -3
   -2     0

r3_lp18_145=
    1    -1
   -2     0
    2     2
    1     2
   -1    -3
   -2     0

r3_lp18_146=
    1    -1
   -2    -2
    2     2
    1     2
   -1    -2
   -2     0

r3_lp18_147=
    1    -1
   -2    -2
    0     2
    2     1
    2    -1
   -2    -3
   -1     0

r3_lp18_148=
    1    -1
   -2    -2
    0     2
    2     1
    2    -1
   -2    -3
   -2    -1

r3_lp18_149=
    1    -1
   -2    -1
    0     2
    2     1
    2     0
   -2    -3
   -2     0

r3_lp18_150=
    1    -1
   -2    -2
   -1     2
    2     1
    2     0
   -1    -2
   -2     0

r3_lp18_151=
    1    -1
   -2    -2
    0     2
    2     1
    2     0
   -1    -3
   -1     0

r3_lp18_152=
    1    -1
   -2    -2
    0     2
    2     1
    2     0
   -1    -3
   -2    -1

r3_lp18_153=
    1    -1
   -2    -2
    1     2
    2     1
    2     0
   -2    -2
   -1     0

r3_lp18_154=
    1    -1
   -2    -2
    2     2
    1     2
    0    -2
   -2    -1

r3_lp18_155=
    1    -1
   -2    -2
    0     1
    2     1
    2     0
   -2    -3
   -2     0

r3_lp18_156=
    1    -1
   -2    -1
    0     2
    2     1
    2     1
   -2    -3
   -2     0

r3_lp18_157=
    1    -1
   -2    -2
    0     2
    2     1
    2     1
    0    -3
   -2     0

r3_lp18_158=
    1    -1
   -2    -2
   -1     2
    2     1
    2     1
    0    -2
   -2     0

r3_lp18_159=
    1    -1
   -2    -2
   -1     0
    2     2
    1     2
    1     0
   -2    -3
   -1     0

r3_lp18_160=
    1    -1
   -2    -2
   -1     0
    2     2
    1     2
    1     0
   -2    -3
   -2    -1

r3_lp18_161=
    1    -1
   -2    -2
    0     2
    2     1
    2     1
   -1    -2
   -2     0

r3_lp18_162=
    1    -1
   -2    -2
   -1     1
    2     2
    1     2
    1    -1
   -2    -2
   -1     0

r3_lp18_163=
    1    -1
   -2    -2
   -1     2
    2     1
    2     1
   -1    -2
   -2    -1

r3_lp18_164=
    1    -1
   -2    -2
    0     1
    2     1
    2     1
   -1    -3
   -2     0

r3_lp18_165=
    1    -1
   -2    -2
    0     2
    2     1
    2     1
   -2    -2
   -1     0

r3_lp18_166=
    1    -1
   -2    -2
    0     2
    1     2
    1    -2
   -3     0

r3_lp18_167=
    1    -1
   -3     0
    2     2
    1     2
    0    -2
   -2     0

r3_lp18_168=
    1    -1
   -3    -2
    1     2
    2     1
    2     0
   -1    -2
   -2     0

r3_lp18_169=
    1    -1
   -3    -2
    0     1
    2     2
    1     2
    0    -1
   -2    -2
   -1     0

r3_lp18_170=
    1    -1
   -3    -2
    0     2
    2     1
    2     0
   -1    -2
   -2    -1

r3_lp18_171=
    1    -1
   -3    -1
    0     2
    2     1
    2     0
   -2    -2
   -1     0

r3_lp18_172=
    1    -1
   -3    -1
    1     2
    1     2
    0    -2
   -2     0

r3_lp18_173=
    1    -1
   -3     0
    2     1
    2     0
   -3     0

r3_lp18_174=
    1    -1
   -3    -2
   -1     2
    2     1
    2     0
   -2    -2
   -1     0

r3_lp18_175=
    1    -1
   -3    -2
    0     2
    1     2
    0    -2
   -2     0

r3_lp18_176=
    1    -1
   -2    -1
    0     2
    2     1
    2     2
   -2    -3
   -2     0

r3_lp18_177=
    1    -1
   -2    -2
    0     2
    2     1
    2     2
    1    -3
   -2     0

r3_lp18_178=
    1    -1
   -2    -2
   -1     2
    2     1
    2     2
    1    -2
   -2     0

r3_lp18_179=
    1    -1
   -2    -2
   -1     0
    2     2
    1     2
    2     1
   -2    -3
   -1     0

r3_lp18_180=
    1    -1
   -2    -2
   -1     0
    2     2
    1     2
    2     1
   -2    -3
   -2    -1

r3_lp18_181=
    1    -1
   -2    -2
    0     2
    2     1
    2     2
    0    -2
   -2     0

r3_lp18_182=
    1    -1
   -2    -2
   -1     1
    2     2
    1     2
    2     0
   -2    -2
   -1     0

r3_lp18_183=
    1    -1
   -2    -2
   -1     2
    2     1
    2     2
    0    -2
   -2    -1

r3_lp18_184=
    1    -1
   -2    -2
   -1     0
    1     2
    1     2
    2     0
   -2    -3
   -2     0

r3_lp18_185=
    1    -1
   -2    -2
    1     2
    2     1
    2     2
   -1    -2
   -2     0

r3_lp18_186=
    1    -1
   -2    -2
    0     1
    2     2
    1     2
    2    -1
   -2    -2
   -1     0

r3_lp18_187=
    1    -1
   -2    -2
   -1     0
    2     2
    1     2
    2    -1
   -2    -2
   -1     0

r3_lp18_188=
    1    -1
   -2    -2
    0     2
    1     2
    2    -1
   -3     0

r3_lp18_189=
    1    -1
   -2    -2
   -1     2
    2     1
    2     2
   -2    -2
   -1     0

r3_lp18_190=
    1    -1
   -2    -2
    0     2
    1     2
    2    -2
   -2     0

r3_lp18_191=
    1    -1
   -2    -3
    1     2
    2     1
    2     2
    0    -2
   -2     0

r3_lp18_192=
    1    -1
   -2    -3
    0     1
    2     2
    1     2
    2     0
   -2    -2
   -1     0

r3_lp18_193=
    1    -1
   -2    -3
   -2     2
    2     1
    2     2
    0    -1
   -2     0

r3_lp18_194=
    1    -1
   -2    -3
   -2     1
    2     2
    1     2
    2     0
   -1    -2
   -1     0

r3_lp18_195=
    1    -1
   -2    -3
   -2     0
    2     2
    1     2
    2     0
   -1    -2
   -1     0

r3_lp18_196=
    1    -1
   -2    -3
   -2     0
    1     2
    1     2
    2     0
   -1    -2
   -2     0

r3_lp18_197=
    1    -1
   -2    -3
   -1     2
    2     1
    2     2
    0    -2
   -1     0

r3_lp18_198=
    1    -1
   -2    -3
   -1     0
    2     1
    2     2
    0    -2
   -2     0

r3_lp18_199=
    1    -1
   -2    -3
   -2     2
    2     1
    2     2
    0    -2
   -1     0

r3_lp18_200=
    1    -1
   -2    -3
   -2    -1
    1     2
    1     2
    2     0
   -2    -2
   -1     0

r3_lp18_201=
    3    -3
   -2     0
    2     0
    0    -2
   -3    -2

r3_lp18_202=
    3    -2
   -2     0
    2     0
    1    -2
   -3    -2

r3_lp18_203=
    3    -2
   -3     0
    2     0
    1     0
   -3    -2

r3_lp18_204=
    3    -2
   -3    -2
    2     0
    1     0
   -2    -2

r3_lp18_205=
    3    -2
   -3    -2
    0     0
    1     0
   -2    -3

r3_lp18_206=
    3    -1
   -3     0
    2     0
    1     0
   -3    -2

r3_lp18_207=
    3    -1
   -3    -2
    2     0
    1     0
   -2    -2

r3_lp18_208=
    3    -1
   -3    -2
    0     0
    1     0
   -2    -3

r3_lp18_209=
    3    -1
   -2    -2
    0     2
    0     1
    1    -1
   -3    -2

r3_lp18_210=
    3    -1
   -2    -2
    2     0
    1     1
   -2    -2

r3_lp18_211=
    3    -1
   -2    -2
    0     0
    1     1
   -2    -3

r3_lp18_212=
    3    -1
   -2    -3
   -1     2
    0     1
    1     0
   -2    -2

r3_lp18_213=
    3    -1
   -2    -3
    0     0
    1     1
    0    -3

r3_lp18_214=
    3    -1
   -2    -3
   -2     1
    0     1
    1     0
   -2    -2

r3_lp18_215=
    0    -3
    0     2
    3     1
    0    -3
   -2     0

r3_lp18_216=
    0    -3
   -2     2
    3     1
    0    -2
   -2     0

r3_lp18_217=
    0    -1
   -3    -1
    2     3
    1     1
    0    -2
   -2     0

r3_lp18_218=
    0    -1
   -3     0
    3     1
    1     0
   -3     0

r3_lp18_219=
    0    -1
   -3    -2
    1     3
    1     1
    0    -2
   -2     0

r3_lp18_220=
    0    -2
   -2    -1
    0     2
    3     1
    1     0
   -2    -3
   -2     0

r3_lp18_221=
    0    -2
   -2    -1
    2     3
    1     1
   -1    -2
   -2     0

r3_lp18_222=
    0    -2
   -2     0
    3     1
    1    -1
   -3     0

r3_lp18_223=
    0    -2
   -2     1
    3     1
    1    -2
   -2     0

r3_lp18_224=
    0    -2
   -3    -2
    0     2
    3     1
    1     0
   -1    -2
   -2     0

r3_lp18_225=
    0    -2
   -3    -1
    1     3
    1     1
    0    -2
   -2     0

r3_lp18_226=
    0    -2
   -3    -2
    0     2
    3     1
    1     0
   -2    -2
   -1     0

r3_lp18_227=
    3    -2
   -2    -1
    0     2
    0     2
    1    -2
   -3    -2

r3_lp18_228=
    3    -2
   -2     0
    2     0
    2     0
   -3    -2

r3_lp18_229=
    3    -2
   -2    -1
    2     0
    2     0
   -2    -2

r3_lp18_230=
    3    -2
   -2    -1
    0     0
    2     0
   -2    -3

r3_lp18_231=
    3    -2
   -2     0
    2     0
    2    -1
   -2    -2

r3_lp18_232=
    3    -2
   -2    -1
    1     0
    2    -1
   -2    -2

r3_lp18_233=
    3    -2
   -2     0
    2     0
    2    -2
   -2    -1

r3_lp18_234=
    3    -2
   -3     0
    2     0
    2     0
   -2    -2

r3_lp18_235=
    3    -2
   -3    -2
    1     2
    0     2
    0    -1
   -2    -2

r3_lp18_236=
    3    -2
   -3    -2
    0     1
    0     2
    0    -1
   -2    -2

r3_lp18_237=
    3    -2
   -3    -1
    0     2
    0     2
    0    -2
   -2    -1

r3_lp18_238=
    3    -2
   -3    -2
   -1     2
    0     2
    0    -2
   -2    -1

r3_lp18_239=
    3    -2
   -3    -2
    0     0
    2     0
   -2    -2

r3_lp18_240=
    1    -1
   -3    -2
    0     2
    3     1
    1     0
   -1    -2
   -2     0

r3_lp18_241=
    1    -1
   -3    -1
    1     3
    1     1
    0    -2
   -2     0

r3_lp18_242=
    1    -2
   -1     0
    2     3
    1     1
   -2    -3
   -2     0

r3_lp18_243=
    1    -2
   -2     0
    2     3
    1     1
    0    -3
   -2     0

r3_lp18_244=
    1    -2
   -2    -1
    2     3
    1     1
    0    -2
   -2     0

r3_lp18_245=
    1    -2
   -2    -1
    0     3
    1     1
    0    -2
   -3     0

r3_lp18_246=
    1    -2
   -2     0
    2     3
    1     1
   -1    -2
   -2     0

r3_lp18_247=
    1    -2
   -2    -1
    1     3
    1     1
   -1    -2
   -2     0

r3_lp18_248=
    1    -2
   -2     0
    2     3
    1     1
   -2    -2
   -1     0

r3_lp18_249=
    1    -2
   -3     0
    2     3
    1     1
    0    -2
   -2     0

r3_lp18_250=
    1    -2
   -3    -2
    1     2
    3     1
    1     0
   -1    -2
   -2     0

r3_lp18_251=
    1    -2
   -3    -2
    0     1
    3     1
    1     0
   -1    -2
   -2     0

r3_lp18_252=
    1    -2
   -3    -1
    0     2
    3     1
    1     0
   -2    -2
   -1     0

r3_lp18_253=
    1    -2
   -3    -2
   -1     2
    3     1
    1     0
   -2    -2
   -1     0

r3_lp18_254=
    1    -2
   -3    -2
    0     3
    1     1
    0    -2
   -2     0

r3_lp18_255=
    1    -2
   -1     0
    2     3
    1     2
   -2    -3
   -2     0

r3_lp18_256=
    1    -2
   -2     0
    2     3
    1     2
    1    -3
   -2     0

r3_lp18_257=
    1    -2
   -2    -1
    2     3
    1     2
    1    -2
   -2     0

r3_lp18_258=
    1    -2
   -2    -1
    0     3
    1     2
    1    -2
   -3     0

r3_lp18_259=
    1    -2
   -2     0
    2     3
    1     2
    0    -2
   -2     0

r3_lp18_260=
    1    -2
   -2     0
    3     1
    2     0
   -3     0

r3_lp18_261=
    1    -2
   -2    -1
    1     3
    1     2
    0    -2
   -2     0

r3_lp18_262=
    1    -2
   -2     1
    2     3
    1     2
   -1    -2
   -2     0

r3_lp18_263=
    1    -2
   -2     0
    1     3
    1     2
   -1    -2
   -2     0

r3_lp18_264=
    1    -2
   -2    -1
    0     2
    3     1
    2    -1
   -2    -2
   -1     0

r3_lp18_265=
    1    -2
   -2    -1
    2     3
    1     2
   -2    -2
   -1     0

r3_lp18_266=
    1    -2
   -2     0
    3     1
    2    -2
   -2     0

r3_lp18_267=
    1    -2
   -3     1
    2     3
    1     2
    0    -2
   -2     0

r3_lp18_268=
    1    -2
   -3     0
    1     3
    1     2
    0    -2
   -2     0

r3_lp18_269=
    1    -2
   -3    -2
    2     3
    1     2
    0    -1
   -2     0

r3_lp18_270=
    1    -2
   -3    -2
    1     3
    1     2
    0    -1
   -2     0

r3_lp18_271=
    1    -2
   -3    -2
    0     2
    3     1
    2     0
   -1    -2
   -1     0

r3_lp18_272=
    1    -2
   -3    -1
    2     3
    1     2
    0    -2
   -1     0

r3_lp18_273=
    1    -2
   -3    -1
    0     3
    1     2
    0    -2
   -2     0

r3_lp18_274=
    1    -2
   -3    -2
    2     3
    1     2
    0    -2
   -1     0

r3_lp18_275=
    1    -2
   -3    -2
   -1     3
    1     2
    0    -2
   -2     0

r3_lp18_276=
    3    -1
   -1     0
    2     0
    2    -2
   -3    -2

r3_lp18_277=
    3    -1
   -2     2
    0     2
   -2    -2

r3_lp18_278=
    3    -1
   -2     0
    0     2
   -2    -3

r3_lp18_279=
    3    -1
   -2    -1
    2     0
    2    -1
   -2    -2

r3_lp18_280=
    3    -1
   -2     0
    0     2
   -1    -3

r3_lp18_281=
    3    -1
   -2    -2
    1     0
    2    -1
   -2    -2

r3_lp18_282=
    3    -1
   -2     0
    2     0
    2     0
   -3    -2

r3_lp18_283=
    3    -1
   -2    -1
    0     0
    2     0
   -2    -3

r3_lp18_284=
    3    -1
   -2    -2
    0     2
    0     2
    0    -1
   -2    -2

r3_lp18_285=
    3    -1
   -2    -2
   -1     1
    0     2
    0    -1
   -2    -2

r3_lp18_286=
    3    -1
   -2    -2
    0     2
    0     2
    0    -2
   -2    -1

r3_lp18_287=
    3    -1
   -2     0
    2     0
    2     1
   -3    -2

r3_lp18_288=
    3    -1
   -2    -1
    2     0
    2     1
   -2    -2

r3_lp18_289=
    3    -1
   -2    -1
    0     0
    2     1
   -2    -3

r3_lp18_290=
    3    -1
   -2    -2
    0     0
    2     1
    0    -3

r3_lp18_291=
    3    -1
   -2    -2
   -1     1
    0     2
    1     0
   -2    -2

r3_lp18_292=
    3    -1
   -2    -2
    1     2
    0     2
    1    -1
   -2    -2

r3_lp18_293=
    3    -1
   -2    -2
    0     1
    0     2
    1    -1
   -2    -2

r3_lp18_294=
    3    -1
   -2    -2
   -1     0
    2     0
    2     1
   -1    -2
   -2    -1

r3_lp18_295=
    3    -1
   -2    -2
   -1     2
    0     2
    1    -2
   -2    -1

r3_lp18_296=
    3    -1
   -2    -2
    0     0
    2     1
   -2    -2

r3_lp18_297=
    3    -1
   -3     1
    2     0
    2     0
   -2    -2

r3_lp18_298=
    3    -1
   -3    -2
    2     0
    2     0
   -1    -2

r3_lp18_299=
    3    -1
   -3    -2
    1     0
    2     0
   -1    -2

r3_lp18_300=
    3    -1
   -3    -2
    0     2
    0     2
    0    -1
   -2    -1

r3_lp18_301=
    3    -1
   -3    -1
    2     0
    2     0
   -2    -1

r3_lp18_302=
    3    -1
   -3    -1
    0     0
    2     0
   -2    -2

r3_lp18_303=
    3    -1
   -3    -2
    2     0
    2     0
   -2    -1

r3_lp18_304=
    3    -1
   -3    -2
   -1     0
    2     0
   -2    -2

r3_lp18_305=
    3    -1
   -2    -1
    2     0
    2     2
   -2    -2

r3_lp18_306=
    3    -1
   -2    -1
    0     0
    2     2
   -2    -3

r3_lp18_307=
    3    -1
   -2    -2
    0     0
    2     2
    1    -3

r3_lp18_308=
    3    -1
   -2    -2
   -1     1
    0     2
    2     1
   -2    -2

r3_lp18_309=
    3    -1
   -2    -2
    0     1
    0     2
    2     0
   -2    -2

r3_lp18_310=
    3    -1
   -2    -2
   -1     0
    2     0
    2     2
    0    -2
   -2    -1

r3_lp18_311=
    3    -1
   -2    -2
    2     0
    2     2
   -1    -2

r3_lp18_312=
    3    -1
   -2    -2
    1     0
    2     2
   -1    -2

r3_lp18_313=
    3    -1
   -2    -2
    0     2
    0     2
    2    -1
   -2    -1

r3_lp18_314=
    3    -1
   -2    -2
   -1     2
    0     2
    2    -1
   -2    -1

r3_lp18_315=
    3    -1
   -2    -2
   -1     0
    0     2
    2    -1
   -2    -2

r3_lp18_316=
    3    -1
   -2    -2
    2     0
    2     2
   -2    -1

r3_lp18_317=
    3    -1
   -2    -2
   -1     0
    2     2
   -2    -2

r3_lp18_318=
    3    -1
   -2    -3
   -2     2
    0     2
    2     0
   -1    -1

r3_lp18_319=
    3    -1
   -2    -3
   -2     0
    0     2
    2     0
   -1    -2

r3_lp18_320=
    2    -2
   -1     2
    3     1
    1    -2
   -2     0

r3_lp18_321=
    2    -2
   -1     0
    3     1
    1    -2
   -3     0

r3_lp18_322=
    2    -2
   -2     0
    2     3
    1     1
    0    -2
   -2     0

r3_lp18_323=
    2    -2
   -2     0
    3     1
    1     0
   -3     0

r3_lp18_324=
    2    -2
   -2    -1
    1     3
    1     1
    0    -2
   -2     0

r3_lp18_325=
    2    -2
   -2     1
    2     3
    1     1
   -1    -2
   -2     0

r3_lp18_326=
    2    -2
   -2     0
    1     3
    1     1
   -1    -2
   -2     0

r3_lp18_327=
    2    -2
   -2    -1
    0     2
    3     1
    1    -1
   -2    -2
   -1     0

r3_lp18_328=
    2    -2
   -2    -1
    2     3
    1     1
   -2    -2
   -1     0

r3_lp18_329=
    2    -2
   -2     0
    3     1
    1    -2
   -2     0

r3_lp18_330=
    2    -2
   -3     0
    1     3
    1     1
    0    -2
   -2     0

r3_lp18_331=
    2    -2
   -3    -2
    2     3
    1     1
    0    -1
   -2     0

r3_lp18_332=
    2    -2
   -3    -2
    1     3
    1     1
    0    -1
   -2     0

r3_lp18_333=
    2    -2
   -3    -2
    0     2
    3     1
    1     0
   -1    -2
   -1     0

r3_lp18_334=
    2    -2
   -1     2
    3     1
    2    -2
   -2     0

r3_lp18_335=
    2    -2
   -1     0
    3     1
    2    -2
   -3     0

r3_lp18_336=
    2    -2
   -2    -1
    1     3
    1     2
    1    -2
   -2     0

r3_lp18_337=
    2    -2
   -2    -1
    2     1
    2     1
   -2    -2

r3_lp18_338=
    2    -2
   -2    -1
    0     2
    1     2
    1    -2
   -3    -1

r3_lp18_339=
    2    -2
   -2     0
    1     3
    1     2
    0    -2
   -2     0

r3_lp18_340=
    2    -2
   -2     0
    2     1
    2     0
   -2    -2

r3_lp18_341=
    2    -2
   -2     0
    2     1
    2     0
   -3    -1

r3_lp18_342=
    2    -2
   -2    -1
    0     2
    3     1
    2     0
   -2    -2
   -1     0

r3_lp18_343=
    2    -2
   -2    -1
    1     2
    1     2
    0    -2
   -2    -1

r3_lp18_344=
    2     2
   -2    -2
   -1     0
    1     0
    1     2
    0    -2
   -3    -2

r3_lp18_345=
    2    -2
   -2     2
    3     1
    2    -1
   -2     0

r3_lp18_346=
    2    -2
   -2     1
    3     1
    2    -1
   -2     0

r3_lp18_347=
    2    -2
   -2     1
    2     1
    2    -1
   -2    -2

r3_lp18_348=
    2    -2
   -2     0
    2     3
    1     2
   -1    -2
   -1     0

r3_lp18_349=
    2    -2
   -2     0
    1     2
    1     2
   -1    -2
   -2    -1

r3_lp18_350=
    2    -2
   -2    -1
    2     3
    1     2
   -1    -2
   -1     0

r3_lp18_351=
    2    -2
   -2    -1
    0     3
    1     2
   -1    -2
   -2     0

r3_lp18_352=
    2    -2
   -2    -1
    0     2
    1     2
   -1    -2
   -2    -1

r3_lp18_353=
    2     2
   -2    -2
   -1     1
    0     1
    2    -1
   -2    -2

r3_lp18_354=
    2    -2
   -2     0
    1     1
    2    -1
   -3    -2

r3_lp18_355=
    2     2
   -2    -2
    0     0
    1     2
   -1    -3

r3_lp18_356=
    2    -2
   -2     2
    3     1
    2    -2
   -1     0

r3_lp18_357=
    2    -2
   -2    -1
    2     1
    2    -2
   -2    -1

r3_lp18_358=
    2     2
   -2    -2
    0     0
    1     2
   -2    -2

r3_lp18_359=
    2    -2
   -2     1
    1     2
   -2    -2

r3_lp18_360=
    2    -2
   -3     0
    2     3
    1     2
    0    -2
   -1     0

r3_lp18_361=
    2    -2
   -3     0
    1     2
    1     2
    0    -2
   -2    -1

r3_lp18_362=
    2    -2
   -3    -2
    1     2
    1     2
    0    -1
   -2    -1

r3_lp18_363=
    2    -2
   -3    -2
    0     3
    1     2
    0    -1
   -2     0

r3_lp18_364=
    2    -2
   -3    -2
    0     2
    1     2
    0    -1
   -2    -1

r3_lp18_365=
    2     2
   -2    -3
   -2     0
    1     0
    1     2
    0    -1
   -2    -2

r3_lp18_366=
    2    -2
   -3    -1
    2     1
    2     0
   -2    -1

r3_lp18_367=
    2     2
   -2    -3
   -1     0
    0     1
    2     0
   -2    -2

r3_lp18_368=
    2    -2
   -3    -1
    1     1
    2     0
   -2    -2

r3_lp18_369=
    2    -2
   -3    -2
    2     1
    2     0
   -2    -1

r3_lp18_370=
    2    -1
   -2     0
    2     3
    1     2
   -1    -2
   -2     0

r3_lp18_371=
    2    -1
   -2    -1
    1     3
    1     2
   -1    -2
   -2     0

r3_lp18_372=
    2    -1
   -2    -1
    2     1
    2    -1
   -2    -2

r3_lp18_373=
    2    -1
   -2     0
    2     1
    2    -1
   -3    -1

r3_lp18_374=
    2    -1
   -2    -2
    0     2
    3     1
    2    -1
   -2    -2
   -1     0

r3_lp18_375=
    2    -1
   -2    -2
    1     2
    1     2
   -1    -2
   -2    -1

r3_lp18_376=
    2     2
   -1    -2
   -2     0
    1     0
    1     2
   -1    -2
   -3    -2

r3_lp18_377=
    2    -1
   -2     0
    3     1
    2     0
   -3     0

r3_lp18_378=
    2    -1
   -2     0
    2     1
    2     0
   -3    -2

r3_lp18_379=
    2    -1
   -2    -1
    0     2
    1     2
    0    -2
   -3    -1

r3_lp18_380=
    2    -1
   -2    -2
    1     2
    3     1
    2     0
   -1    -2
   -2     0

r3_lp18_381=
    2    -1
   -2    -2
    0     1
    3     1
    2     0
   -1    -2
   -2     0

r3_lp18_382=
    2    -1
   -2    -2
    0     2
    1     2
    0    -1
   -2    -2

r3_lp18_383=
    2    -1
   -2    -2
   -1     0
    2     3
    1     2
    0    -1
   -2    -2
   -1     0

r3_lp18_384=
    2    -1
   -2    -2
   -1     1
    2     1
    2     0
   -1    -2
   -2    -1

r3_lp18_385=
    2     2
   -1    -2
   -2     0
    1     0
    1     2
    0    -1
   -3    -2

r3_lp18_386=
    2    -1
   -2    -2
   -1     2
    3     1
    2     0
   -2    -2
   -1     0

r3_lp18_387=
    2    -1
   -2    -2
    0     3
    1     2
    0    -2
   -2     0

r3_lp18_388=
    2    -1
   -2    -2
    0     2
    1     2
    0    -2
   -2    -1

r3_lp18_389=
    2     2
   -1    -2
   -2     1
    0     1
    2     0
   -2    -2

r3_lp18_390=
    2     2
   -1    -2
   -2     0
    0     1
    2     0
   -2    -3

r3_lp18_391=
    2    -1
   -2    -1
    1     3
    1     2
    1    -2
   -2     0

r3_lp18_392=
    2    -1
   -2    -1
    2     1
    2     1
   -2    -2

r3_lp18_393=
    2    -1
   -2    -2
    0     1
    3     1
    2     1
    0    -2
   -2     0

r3_lp18_394=
    2    -1
   -2    -2
    0     2
    1     2
    1     0
   -2    -2

r3_lp18_395=
    2    -1
   -2    -2
    0     2
    1     2
    1     0
   -3    -1

r3_lp18_396=
    2    -1
   -2    -2
   -1     0
    2     3
    1     2
    1     0
   -2    -2
   -1     0

r3_lp18_397=
    2    -1
   -2    -2
   -1     1
    2     1
    2     1
    0    -2
   -2    -1

r3_lp18_398=
    2     2
   -1    -2
   -2    -1
    0     1
    0     1
    2     1
    0    -2
   -3    -2

r3_lp18_399=
    2    -1
   -2    -2
    1     3
    1     2
    1    -1
   -2     0

r3_lp18_400=
    2    -1
   -2    -2
    1     2
    1     2
    1    -1
   -2    -2

r3_lp18_401=
    2    -1
   -2    -2
    0     2
    3     1
    2     1
   -1    -2
   -1     0

r3_lp18_402=
    2    -1
   -2    -2
    0     1
    2     1
    2     1
   -1    -2
   -2    -1

r3_lp18_403=
    2    -1
   -2    -2
   -1     2
    3     1
    2     1
   -1    -2
   -1     0

r3_lp18_404=
    2    -1
   -2    -2
   -1     0
    3     1
    2     1
   -1    -2
   -2     0

r3_lp18_405=
    2    -1
   -2    -2
   -1     0
    2     1
    2     1
   -1    -2
   -2    -1

r3_lp18_406=
    2     2
   -1    -2
   -2    -1
    1     0
    1     2
    1    -1
   -2    -2

r3_lp18_407=
    2     2
   -1    -2
   -2     0
    0     1
    2     1
   -1    -3

r3_lp18_408=
    2    -1
   -2    -2
   -1     2
    1     2
    1    -2
   -2    -1

r3_lp18_409=
    2     2
   -1    -2
   -2     0
    0     1
    2     1
   -2    -2

r3_lp18_410=
    2    -1
   -3     0
    2     3
    1     2
    0    -2
   -1     0

r3_lp18_411=
    2    -1
   -3     0
    1     2
    1     2
    0    -2
   -2    -1

r3_lp18_412=
    2    -1
   -3    -2
    0     3
    1     2
    0    -1
   -2     0

r3_lp18_413=
    2    -1
   -3    -2
    0     2
    1     2
    0    -1
   -2    -1

r3_lp18_414=
    2     2
   -1    -3
   -2     0
    1     0
    1     2
    0    -1
   -2    -2

r3_lp18_415=
    2    -1
   -3    -1
    2     1
    2     0
   -2    -1

r3_lp18_416=
    2     2
   -1    -3
   -1     0
    0     1
    2     0
   -2    -2

r3_lp18_417=
    2    -1
   -2    -2
   -1     0
    2     3
    1     2
    2     1
   -2    -2
   -1     0

r3_lp18_418=
    2    -1
   -2    -2
   -1     1
    2     1
    2     2
    1    -2
   -2    -1

r3_lp18_419=
    2    -1
   -2    -2
    0     2
    3     1
    2     2
    0    -2
   -1     0

r3_lp18_420=
    2    -1
   -2    -2
    0     1
    2     1
    2     2
    0    -2
   -2    -1

r3_lp18_421=
    2     2
   -1    -2
   -2     0
    1     0
    1     2
    2     0
   -3    -2

r3_lp18_422=
    2    -1
   -2    -2
   -1     0
    3     1
    2     2
    0    -2
   -2     0

r3_lp18_423=
    2    -1
   -2    -2
   -1     0
    2     1
    2     2
    0    -2
   -2    -1

r3_lp18_424=
    2     2
   -1    -2
   -2    -1
    1     0
    1     2
    2     0
   -2    -2

r3_lp18_425=
    2     2
   -1    -2
   -2    -1
    0     0
    1     2
    2     0
   -2    -3

r3_lp18_426=
    2    -1
   -2    -2
    0     3
    1     2
    2    -1
   -2     0

r3_lp18_427=
    2     2
   -1    -2
   -2     0
    1     0
    1     2
    2    -1
   -2    -2

r3_lp18_428=
    2     2
   -1    -2
   -2    -1
    0     0
    1     2
    2    -1
   -2    -2

r3_lp18_429=
    2    -1
   -2    -3
    0     3
    1     2
    2     0
   -2     0

r3_lp18_430=
    2    -1
   -2    -3
    0     2
    1     2
    2     0
   -2    -1

r3_lp18_431=
    2     2
   -1    -2
   -3     0
    1     0
    1     2
    2     0
   -2    -2

r3_lp18_432=
    2     2
   -1    -2
   -3    -2
    0     0
    1     2
    2     0
   -1    -2

r3_lp18_433=
    0    -2
    0     3
    2     2
    0    -3
    0     1

r3_lp18_434=
    0    -2
    0     2
    3     2
    0    -3
   -2     0

r3_lp18_435=
    0    -2
   -2     0
    1     3
    2     2
    0    -1
   -2    -2
    0     1

r3_lp18_436=
    0    -2
   -2     0
    2     3
    2     0
   -1    -2
   -2     0

r3_lp18_437=
    0    -2
   -2    -1
    0     2
    3     2
    2     0
   -1    -2
   -2    -1
    0     1

r3_lp18_438=
    0    -2
   -2    -1
    1     3
    2     0
   -1    -2
   -2     0

r3_lp18_439=
    0    -2
   -2     0
    2     2
    2     0
   -1    -3
   -1     0

r3_lp18_440=
    0    -2
   -2     0
    2     3
    2     0
   -2    -2
   -1     0

r3_lp18_441=
    0    -3
    0     1
    3     2
    2     0
   -2    -2
    0     1

r3_lp18_442=
    0    -3
    0     2
    2     2
    0    -2
   -2     1

r3_lp18_443=
    0    -3
   -2     0
    2     3
    2     2
    0    -1
   -2    -1
    0     1

r3_lp18_444=
    0    -3
   -2     0
    1     2
    2     2
    0    -1
   -2    -2
   -1     1

r3_lp18_445=
    0    -3
   -2     0
    1     3
    2     0
   -1    -2
   -2     0

r3_lp18_446=
    0    -3
   -1     0
    2     2
    2     0
   -2    -2
   -1     1

r3_lp18_447=
    0    -3
   -1     1
    2     2
    2     0
   -2    -2
    0     1

r3_lp18_448=
    0    -3
    0     2
    2     2
    0    -3
    0     1

r3_lp18_449=
    0    -2
   -2     0
    1     3
    2     2
    1     0
   -2    -2
    0     1

r3_lp18_450=
    0    -2
   -2    -1
    0     2
    3     2
    2     1
    0    -2
   -2    -1
    0     1

r3_lp18_451=
    0    -2
   -2     0
    2     3
    2     2
    1    -1
   -2    -1
    0     1

r3_lp18_452=
    0    -2
   -2    -1
    0     3
    2     2
    1    -1
   -2    -2
    0     1

r3_lp18_453=
    0    -1
   -2    -2
    0     1
    2     2
    2     2
    0    -1
   -2    -2
   -1     1

r3_lp18_454=
    0    -1
   -2    -2
    0     1
    3     2
    2     0
   -1    -2
   -2     0

r3_lp18_455=
    0    -1
   -2    -2
    0     2
    2     2
    2     0
   -1    -2
   -2     0

r3_lp18_456=
    0    -1
   -2    -2
   -1     0
    3     2
    2     2
    0    -1
   -2    -2
    0     1

r3_lp18_457=
    0    -1
   -2    -2
   -1     0
    2     2
    2     2
    0    -1
   -2    -2
   -1     1

r3_lp18_458=
    0    -1
   -2    -2
   -1     0
    2     3
    2     2
    0    -1
   -2    -2
   -1     0

r3_lp18_459=
    0    -1
   -2    -2
   -1     1
    2     2
    2     2
    0    -1
   -2    -2
   -1     0

r3_lp18_460=
    0    -1
   -2    -2
    0     3
    2     2
    0    -2
   -2     0

r3_lp18_461=
    0    -1
   -2    -2
    0     2
    2     2
    2     0
   -2    -2
   -1     0

r3_lp18_462=
    0    -1
   -2    -2
    0     1
    2     2
    2     2
    1     0
   -2    -2
   -1     1

r3_lp18_463=
    0    -1
   -2    -2
   -1     0
    3     2
    2     1
   -1    -2
   -2     0
