r3_lp19_1=
    0    -2
   -3    -2
    2     2
    1     2
    0    -2
   -2    -1

r3_lp19_2=
   -1    -3
   -2     2
    2     2
    0    -2
   -2    -1

r3_lp19_3=
   -1    -2
   -2     2
    2     2
    2    -2
   -2    -1

r3_lp19_4=
   -1    -2
   -3    -1
    2     2
    2     2
    0    -2
   -2    -1

r3_lp19_5=
   -1    -2
   -3    -2
    1     2
    2     2
    0    -2
   -2    -1

r3_lp19_6=
    1    -1
   -2    -3
   -2     2
    0     2
    2     0
   -2    -2

r3_lp19_7=
    1    -1
   -2    -3
   -2     0
    1     0
    2     2
    0    -2
   -3    -2

r3_lp19_8=
    0    -2
   -3    -2
    0     2
    1     2
    0    -2
   -3    -1

r3_lp19_9=
    0     2
   -1    -3
   -2    -3
   -1     2
    0    -2

r3_lp19_10=
    0     2
   -1    -2
   -3    -3
   -1     2
    2     0

r3_lp19_11=
    0    -1
   -2    -3
   -2     0
    2     1
    2     2
    0    -2
   -3    -2

r3_lp19_12=
    0    -2
   -3    -2
    0     2
    1     1
    2     0
   -2    -3
   -2     0

r3_lp19_13=
    1    -1
   -2    -3
    0     2
    0     2
    2     0
   -3    -2

r3_lp19_14=
    2    -1
   -2    -3
   -2     0
    2     0
    1     1
    0    -2
   -3    -2

r3_lp19_15=
    0    -1
   -3    -2
    0     2
    2     1
    1     0
   -2    -3
   -2     0

r3_lp19_16=
    0    -2
   -2     0
    2     2
    1     1
   -2    -3
   -2     0

r3_lp19_17=
    0    -2
   -3     0
    2     2
    1     1
    0    -3
   -2     0

r3_lp19_18=
    0    -2
   -3    -2
    2     2
    1     1
    0    -2
   -2     0

r3_lp19_19=
    0    -2
   -3    -2
    0     2
    2     1
    1     0
   -2    -3
   -1     0

r3_lp19_20=
    2    -2
   -2     0
    2     0
    2    -1
   -3    -2

r3_lp19_21=
    2    -2
   -2     2
    0     2
   -2    -2

r3_lp19_22=
    2    -2
   -2     0
    2     0
    2    -2
   -3    -1

r3_lp19_23=
    2    -2
   -3    -1
    2     0
    2     0
   -2    -2

r3_lp19_24=
    2    -2
   -3     0
    2     0
    2     0
   -3    -1

r3_lp19_25=
    2    -2
   -3    -2
    1     2
    0     2
    0    -2
   -2    -1

r3_lp19_26=
    2    -2
   -3    -2
    0     1
    0     2
    0    -2
   -3    -2

r3_lp19_27=
    2    -1
   -2    -2
    0     2
    0     2
    0    -2
   -3    -2

r3_lp19_28=
    2    -1
   -2    -2
    0     2
    0     2
    1    -1
   -3    -2

r3_lp19_29=
    2    -1
   -2    -2
    2     0
    2     1
   -2    -2

r3_lp19_30=
    2    -1
   -2    -2
    0     2
    0     2
    1    -2
   -3    -1

r3_lp19_31=
    2    -1
   -3     0
    2     0
    2     0
   -3    -1

r3_lp19_32=
    2    -1
   -3    -2
    1     2
    0     2
    0    -2
   -2    -1

r3_lp19_33=
    2    -1
   -3    -2
    0     1
    0     2
    0    -2
   -3    -2

r3_lp19_34=
    2    -1
   -2    -2
   -1     0
    2     0
    2     2
    0    -2
   -3    -2

r3_lp19_35=
    2    -1
   -2    -2
    0     2
    0     2
    2    -1
   -3    -1

r3_lp19_36=
    2    -1
   -2    -2
    1     2
    0     2
    2    -2
   -2    -1

r3_lp19_37=
    2    -1
   -2    -2
    0     1
    0     2
    2    -2
   -3    -2

r3_lp19_38=
    2    -1
   -2    -3
   -2     0
    2     0
    2     2
    0    -1
   -2    -2

r3_lp19_39=
    2    -1
   -2    -3
    0     1
    0     2
    2     0
   -3    -2

r3_lp19_40=
    2    -1
   -2    -3
   -2     0
    2     0
    2     2
    0    -2
   -2    -1

r3_lp19_41=
    2    -1
   -2    -3
   -2     1
    0     2
    2     0
   -2    -2

r3_lp19_42=
    2    -1
   -2    -3
   -2     0
    0     2
    2     0
   -2    -3

r3_lp19_43=
    0    -3
   -2     0
    2     2
    1     1
    0    -2
   -3    -2
    0     1

r3_lp19_44=
    1    -1
   -2    -2
    0     2
    2     1
    1     0
   -2    -3
   -2     0

r3_lp19_45=
    1    -1
   -3     0
    2     2
    1     1
    0    -3
   -2     0

r3_lp19_46=
    1    -1
   -3    -2
    2     2
    1     1
    0    -2
   -2     0

r3_lp19_47=
    1    -1
   -3    -2
    0     2
    2     1
    1     0
   -2    -3
   -1     0

r3_lp19_48=
    1    -1
   -3    -2
    0     2
    2     1
    1     0
   -2    -3
   -2    -1

r3_lp19_49=
    1    -2
   -2     0
    2     2
    1     1
   -1    -3
   -2     0

r3_lp19_50=
    1    -2
   -2     2
    2     1
    1    -2
   -2     0

r3_lp19_51=
    1    -2
   -2     0
    2     2
    1     1
   -2    -3
   -1     0

r3_lp19_52=
    1    -2
   -2     0
    2     2
    1     1
   -2    -3
   -2    -1

r3_lp19_53=
    1    -2
   -3    -1
    2     2
    1     1
    0    -2
   -2     0

r3_lp19_54=
    1    -2
   -3     0
    2     2
    1     1
    0    -3
   -1     0

r3_lp19_55=
    1    -2
   -3     0
    2     2
    1     1
    0    -3
   -2    -1

r3_lp19_56=
    1    -2
   -3    -2
    1     2
    2     1
    1     0
   -2    -2
   -1     0

r3_lp19_57=
    1    -2
   -3    -2
    2     2
    1     1
    0    -2
   -2    -1

r3_lp19_58=
    1    -2
   -3    -2
    0     1
    2     1
    1     0
   -2    -3
   -2     0

r3_lp19_59=
    1    -2
   -3    -2
    0     2
    1     1
    0    -2
   -3    -1

r3_lp19_60=
    1    -2
   -3    -2
    0     2
    1     1
    0    -2
   -3    -2

r3_lp19_61=
    1    -2
   -2    -1
    0     2
    2     1
    2     0
   -2    -3
   -2     0

r3_lp19_62=
    1    -2
   -2    -1
    2     2
    1     2
   -1    -2
   -2     0

r3_lp19_63=
    1    -2
   -2     0
    2     2
    1     2
   -1    -3
   -1     0

r3_lp19_64=
    1    -2
   -2     0
    2     2
    1     2
   -1    -3
   -2    -1

r3_lp19_65=
    1    -2
   -2     1
    2     2
    1     2
   -2    -2
   -1     0

r3_lp19_66=
    1    -2
   -2     2
    2     1
    2    -2
   -2    -1

r3_lp19_67=
    1    -2
   -2     0
    1     2
    1     2
   -2    -3
   -2     0

r3_lp19_68=
    1    -2
   -2     0
    2     1
    2    -2
   -3    -1

r3_lp19_69=
    1    -2
   -2     0
    2     1
    2    -2
   -3    -2

r3_lp19_70=
    1    -2
   -3    -2
    0     2
    2     1
    2     0
   -1    -2
   -2     0

r3_lp19_71=
    1    -2
   -3    -1
    1     2
    2     1
    2     0
   -2    -2
   -1     0

r3_lp19_72=
    1    -2
   -3    -1
    2     2
    1     2
    0    -2
   -2    -1

r3_lp19_73=
    1    -2
   -3     0
    1     2
    1     2
    0    -3
   -2     0

r3_lp19_74=
    1    -2
   -3     0
    2     1
    2     0
   -3    -1

r3_lp19_75=
    1    -2
   -3     0
    2     1
    2     0
   -3    -2

r3_lp19_76=
    1    -2
   -3    -2
    0     2
    2     1
    2     0
   -2    -2
   -1     0

r3_lp19_77=
    1    -2
   -3    -2
    1     2
    1     2
    0    -2
   -2     0

r3_lp19_78=
    1    -2
   -3    -2
    1     2
    1     2
    0    -2
   -2    -1

r3_lp19_79=
    1    -2
   -3    -2
    0     2
    1     2
    0    -2
   -3     0

r3_lp19_80=
    1    -1
   -2    -2
    0     2
    2     1
    2    -1
   -2    -3
   -2     0

r3_lp19_81=
    1    -1
   -2    -2
    0     2
    2     1
    2     0
   -1    -3
   -2     0

r3_lp19_82=
    1    -1
   -2    -2
    2     2
    1     2
    0    -2
   -2     0

r3_lp19_83=
    1    -1
   -2    -2
    0     2
    2     1
    2     0
   -2    -3
   -1     0

r3_lp19_84=
    1    -1
   -2    -2
    0     2
    2     1
    2     0
   -2    -3
   -2    -1

r3_lp19_85=
    1    -1
   -2    -2
   -1     0
    2     2
    1     2
    1     0
   -2    -3
   -2     0

r3_lp19_86=
    1    -1
   -2    -2
   -1     2
    2     1
    2     1
   -1    -2
   -2     0

r3_lp19_87=
    1    -1
   -2    -2
    0     2
    2     1
    2     1
   -1    -3
   -1     0

r3_lp19_88=
    1    -1
   -2    -2
    0     2
    2     1
    2     1
   -1    -3
   -2    -1

r3_lp19_89=
    1    -1
   -2    -2
    1     2
    2     1
    2     1
   -2    -2
   -1     0

r3_lp19_90=
    1    -1
   -2    -2
    2     2
    1     2
    1    -2
   -2    -1

r3_lp19_91=
    1    -1
   -2    -2
    0     1
    2     1
    2     1
   -2    -3
   -2     0

r3_lp19_92=
    1    -1
   -3    -2
    0     2
    2     1
    2     0
   -1    -2
   -2     0

r3_lp19_93=
    1    -1
   -3    -1
    1     2
    2     1
    2     0
   -2    -2
   -1     0

r3_lp19_94=
    1    -1
   -3    -1
    2     2
    1     2
    0    -2
   -2    -1

r3_lp19_95=
    1    -1
   -3     0
    1     2
    1     2
    0    -3
   -2     0

r3_lp19_96=
    1    -1
   -3    -2
    0     2
    2     1
    2     0
   -2    -2
   -1     0

r3_lp19_97=
    1    -1
   -3    -2
    1     2
    1     2
    0    -2
   -2     0

r3_lp19_98=
    1    -1
   -3    -2
    0     2
    1     2
    0    -2
   -3     0

r3_lp19_99=
    1    -1
   -2    -2
   -1     0
    2     2
    1     2
    2     1
   -2    -3
   -2     0

r3_lp19_100=
    1    -1
   -2    -2
    0     2
    2     1
    2     2
    0    -3
   -2     0

r3_lp19_101=
    1    -1
   -2    -2
   -1     2
    2     1
    2     2
    0    -2
   -2     0

r3_lp19_102=
    1    -1
   -2    -2
   -1     0
    2     2
    1     2
    2     0
   -2    -3
   -1     0

r3_lp19_103=
    1    -1
   -2    -2
   -1     0
    2     2
    1     2
    2     0
   -2    -3
   -2    -1

r3_lp19_104=
    1    -1
   -2    -2
    0     2
    2     1
    2     2
   -1    -2
   -2     0

r3_lp19_105=
    1    -1
   -2    -2
   -1     1
    2     2
    1     2
    2    -1
   -2    -2
   -1     0

r3_lp19_106=
    1    -1
   -2    -2
   -1     2
    2     1
    2     2
   -1    -2
   -2    -1

r3_lp19_107=
    1    -1
   -2    -2
    0     1
    2     1
    2     2
   -1    -3
   -2     0

r3_lp19_108=
    1    -1
   -2    -2
    0     2
    2     1
    2     2
   -2    -2
   -1     0

r3_lp19_109=
    1    -1
   -2    -2
    1     2
    1     2
    2    -2
   -2     0

r3_lp19_110=
    1    -1
   -2    -2
    0     2
    1     2
    2    -2
   -3     0

r3_lp19_111=
    1    -1
   -2    -3
    0     2
    2     1
    2     2
    0    -2
   -2     0

r3_lp19_112=
    1    -1
   -2    -3
   -2     1
    2     2
    1     2
    2     0
   -1    -2
   -2     0

r3_lp19_113=
    1    -1
   -2    -3
   -2     0
    1     2
    2     1
    2     2
    0    -1
   -2    -2
   -1     0

r3_lp19_114=
    1    -1
   -2    -3
   -1     0
    2     2
    1     2
    2     0
   -2    -2
   -1     0

r3_lp19_115=
    1    -1
   -2    -3
   -1     1
    2     1
    2     2
    0    -2
   -2     0

r3_lp19_116=
    1    -1
   -2    -3
    0     2
    1     2
    2     0
   -3     0

r3_lp19_117=
    1    -1
   -2    -3
   -2    -1
    2     2
    1     2
    2     0
   -2    -2
   -1     0

r3_lp19_118=
    1    -1
   -2    -3
   -2     0
    2     1
    2     2
    0    -2
   -2     0

r3_lp19_119=
    3    -2
   -3    -2
    0     2
    0     1
    0    -2
   -3    -2

r3_lp19_120=
    3    -1
   -3    -2
    0     2
    0     1
    0    -2
   -3    -2

r3_lp19_121=
    3    -1
   -2    -2
    0     2
    0     1
    1    -2
   -3    -2

r3_lp19_122=
    3    -1
   -2    -3
    0     2
    0     1
    1     0
   -3    -2

r3_lp19_123=
    3    -1
   -2    -3
   -2     2
    0     1
    1     0
   -2    -2

r3_lp19_124=
    3    -1
   -2    -3
   -2     0
    0     1
    1     0
   -2    -3

r3_lp19_125=
    0    -3
   -2     0
    2     3
    1     0
   -2    -3
   -2     0

r3_lp19_126=
    0    -1
   -3     0
    2     3
    1     1
    0    -3
   -2     0

r3_lp19_127=
    0    -1
   -3    -2
    2     3
    1     1
    0    -2
   -2     0

r3_lp19_128=
    0    -1
   -3    -2
    0     3
    1     1
    0    -2
   -3     0

r3_lp19_129=
    0    -2
   -2     0
    2     3
    1     1
   -1    -3
   -2     0

r3_lp19_130=
    0    -2
   -2     2
    3     1
    1    -2
   -2     0

r3_lp19_131=
    0    -2
   -2     0
    3     1
    1    -2
   -3     0

r3_lp19_132=
    0    -2
   -3    -1
    2     3
    1     1
    0    -2
   -2     0

r3_lp19_133=
    0    -2
   -3     0
    3     1
    1     0
   -3     0

r3_lp19_134=
    0    -2
   -3    -2
    1     3
    1     1
    0    -2
   -2     0

r3_lp19_135=
    3    -2
   -2    -1
    0     2
    0     2
    0    -2
   -3    -2

r3_lp19_136=
    3    -2
   -2    -1
    2     0
    2    -1
   -2    -2

r3_lp19_137=
    3    -2
   -2     0
    0     2
   -1    -3

r3_lp19_138=
    3    -2
   -2     1
    0     2
   -2    -2

r3_lp19_139=
    3    -2
   -3    -2
    0     2
    0     2
    0    -1
   -2    -2

r3_lp19_140=
    3    -2
   -3    -1
    1     0
    2     0
   -2    -2

r3_lp19_141=
    3    -2
   -3    -2
    0     2
    0     2
    0    -2
   -2    -1

r3_lp19_142=
    1    -1
   -3    -1
    2     3
    1     1
    0    -2
   -2     0

r3_lp19_143=
    1    -1
   -3     0
    3     1
    1     0
   -3     0

r3_lp19_144=
    1    -2
   -2    -1
    0     2
    3     1
    1     0
   -2    -3
   -2     0

r3_lp19_145=
    1    -2
   -2    -1
    2     3
    1     1
   -1    -2
   -2     0

r3_lp19_146=
    1    -2
   -2     0
    3     1
    1    -1
   -3     0

r3_lp19_147=
    1    -2
   -2     1
    3     1
    1    -2
   -2     0

r3_lp19_148=
    1    -2
   -3    -2
    0     2
    3     1
    1     0
   -1    -2
   -2     0

r3_lp19_149=
    1    -2
   -3    -1
    1     3
    1     1
    0    -2
   -2     0

r3_lp19_150=
    1    -2
   -3    -2
    0     2
    3     1
    1     0
   -2    -2
   -1     0

r3_lp19_151=
    1    -2
   -2    -1
    0     2
    3     1
    2     1
   -2    -3
   -2     0

r3_lp19_152=
    1    -2
   -2     0
    2     3
    1     2
    0    -3
   -2     0

r3_lp19_153=
    1    -2
   -2    -1
    2     3
    1     2
    0    -2
   -2     0

r3_lp19_154=
    1    -2
   -2    -1
    0     3
    1     2
    0    -2
   -3     0

r3_lp19_155=
    1    -2
   -2     0
    2     3
    1     2
   -1    -2
   -2     0

r3_lp19_156=
    1    -2
   -2    -1
    1     3
    1     2
   -1    -2
   -2     0

r3_lp19_157=
    1    -2
   -2     0
    2     3
    1     2
   -2    -2
   -1     0

r3_lp19_158=
    1    -2
   -3     0
    2     3
    1     2
    0    -2
   -2     0

r3_lp19_159=
    1    -2
   -3    -2
    1     2
    3     1
    2     0
   -1    -2
   -2     0

r3_lp19_160=
    1    -2
   -3    -2
    0     1
    3     1
    2     0
   -1    -2
   -2     0

r3_lp19_161=
    1    -2
   -3    -1
    0     2
    3     1
    2     0
   -2    -2
   -1     0

r3_lp19_162=
    1    -2
   -3    -2
   -1     2
    3     1
    2     0
   -2    -2
   -1     0

r3_lp19_163=
    1    -2
   -3    -2
    0     3
    1     2
    0    -2
   -2     0

r3_lp19_164=
    3    -1
   -2     0
    2     0
    2    -2
   -3    -2

r3_lp19_165=
    3    -1
   -2     0
    2     0
    2    -1
   -3    -2

r3_lp19_166=
    3    -1
   -2    -2
    2     0
    2    -1
   -2    -2

r3_lp19_167=
    3    -1
   -2    -2
    0     0
    2    -1
   -2    -3

r3_lp19_168=
    3    -1
   -2    -1
    0     2
    0     2
    0    -2
   -3    -2

r3_lp19_169=
    3    -1
   -2    -2
   -1     2
    0     2
    0    -1
   -2    -2

r3_lp19_170=
    3    -1
   -2    -2
    0     0
    2     0
   -1    -3

r3_lp19_171=
    3    -1
   -2    -2
    1     0
    2     0
   -2    -2

r3_lp19_172=
    3    -1
   -2    -1
    0     2
    0     2
    1    -2
   -3    -2

r3_lp19_173=
    3    -1
   -2    -2
    0     2
    0     2
    1     0
   -3    -2

r3_lp19_174=
    3    -1
   -2    -2
   -1     2
    0     2
    1     0
   -2    -2

r3_lp19_175=
    3    -1
   -2    -2
   -1     0
    0     2
    1     0
   -2    -3

r3_lp19_176=
    3    -1
   -2    -2
    0     2
    0     2
    1    -1
   -2    -2

r3_lp19_177=
    3    -1
   -2    -2
   -1     1
    0     2
    1    -1
   -2    -2

r3_lp19_178=
    3    -1
   -2    -2
    0     2
    0     2
    1    -2
   -2    -1

r3_lp19_179=
    3    -1
   -3     0
    2     0
    2     0
   -2    -2

r3_lp19_180=
    3    -1
   -3    -2
    1     2
    0     2
    0    -1
   -2    -2

r3_lp19_181=
    3    -1
   -3    -2
    0     1
    0     2
    0    -1
   -2    -2

r3_lp19_182=
    3    -1
   -3    -1
    0     2
    0     2
    0    -2
   -2    -1

r3_lp19_183=
    3    -1
   -3    -2
   -1     2
    0     2
    0    -2
   -2    -1

r3_lp19_184=
    3    -1
   -3    -2
    0     0
    2     0
   -2    -2

r3_lp19_185=
    3    -1
   -2    -1
    0     2
    0     2
    2    -2
   -3    -2

r3_lp19_186=
    3    -1
   -2    -2
    0     2
    0     2
    2     1
   -3    -2

r3_lp19_187=
    3    -1
   -2    -2
   -1     2
    0     2
    2     1
   -2    -2

r3_lp19_188=
    3    -1
   -2    -2
   -1     0
    0     2
    2     1
   -2    -3

r3_lp19_189=
    3    -1
   -2    -2
    0     2
    0     2
    2     0
   -2    -2

r3_lp19_190=
    3    -1
   -2    -2
    0     0
    2     2
    0    -3

r3_lp19_191=
    3    -1
   -2    -2
   -1     1
    0     2
    2     0
   -2    -2

r3_lp19_192=
    3    -1
   -2    -2
    1     2
    0     2
    2    -1
   -2    -2

r3_lp19_193=
    3    -1
   -2    -2
    0     1
    0     2
    2    -1
   -2    -2

r3_lp19_194=
    3    -1
   -2    -2
   -1     0
    2     0
    2     2
   -1    -2
   -2    -1

r3_lp19_195=
    3    -1
   -2    -2
   -1     2
    0     2
    2    -2
   -2    -1

r3_lp19_196=
    3    -1
   -2    -2
    0     0
    2     2
   -2    -2

r3_lp19_197=
    3    -1
   -2    -3
    1     2
    0     2
    2     0
   -2    -2

r3_lp19_198=
    3    -1
   -2    -3
    0     1
    0     2
    2     0
   -2    -2

r3_lp19_199=
    3    -1
   -2    -3
   -2     2
    0     2
    2     0
   -1    -2

r3_lp19_200=
    3    -1
   -2    -3
   -2     1
    0     2
    2     0
   -1    -2

r3_lp19_201=
    3    -1
   -2    -3
   -2     0
    2     0
    2     2
    0    -1
   -2    -1

r3_lp19_202=
    3    -1
   -2    -3
   -1     2
    0     2
    2     0
   -2    -1

r3_lp19_203=
    3    -1
   -2    -3
   -1     0
    0     2
    2     0
   -2    -2

r3_lp19_204=
    3    -1
   -2    -3
   -2     2
    0     2
    2     0
   -2    -1

r3_lp19_205=
    3    -1
   -2    -3
   -2    -1
    0     2
    2     0
   -2    -2

r3_lp19_206=
    2    -2
   -1     0
    2     3
    1     1
   -2    -3
   -2     0

r3_lp19_207=
    2    -2
   -2     0
    2     3
    1     1
    0    -3
   -2     0

r3_lp19_208=
    2    -2
   -2    -1
    2     3
    1     1
    0    -2
   -2     0

r3_lp19_209=
    2    -2
   -2    -1
    0     3
    1     1
    0    -2
   -3     0

r3_lp19_210=
    2    -2
   -2     0
    2     3
    1     1
   -1    -2
   -2     0

r3_lp19_211=
    2    -2
   -2    -1
    1     3
    1     1
   -1    -2
   -2     0

r3_lp19_212=
    2    -2
   -2     0
    2     1
    1    -1
   -3    -1

r3_lp19_213=
    2    -2
   -2     0
    2     3
    1     1
   -2    -2
   -1     0

r3_lp19_214=
    2    -2
   -3     0
    2     3
    1     1
    0    -2
   -2     0

r3_lp19_215=
    2    -2
   -3    -2
    1     2
    3     1
    1     0
   -1    -2
   -2     0

r3_lp19_216=
    2    -2
   -3    -2
    0     1
    3     1
    1     0
   -1    -2
   -2     0

r3_lp19_217=
    2    -2
   -1     0
    2     3
    1     2
   -2    -3
   -2     0

r3_lp19_218=
    2    -2
   -2    -1
    2     3
    1     2
    1    -2
   -2     0

r3_lp19_219=
    2    -2
   -2    -1
    0     3
    1     2
    1    -2
   -3     0

r3_lp19_220=
    2    -2
   -2    -1
    0     2
    1     2
    1    -2
   -3    -2

r3_lp19_221=
    2    -2
   -2     0
    2     3
    1     2
    0    -2
   -2     0

r3_lp19_222=
    2    -2
   -2     0
    3     1
    2     0
   -3     0

r3_lp19_223=
    2    -2
   -2     0
    2     1
    2     0
   -3    -2

r3_lp19_224=
    2    -2
   -2    -1
    1     3
    1     2
    0    -2
   -2     0

r3_lp19_225=
    2    -2
   -2    -1
    2     1
    2     0
   -2    -2

r3_lp19_226=
    2    -2
   -2    -1
    0     2
    1     2
    0    -2
   -3    -1

r3_lp19_227=
    2    -2
   -2     1
    2     3
    1     2
   -1    -2
   -2     0

r3_lp19_228=
    2    -2
   -2     0
    1     3
    1     2
   -1    -2
   -2     0

r3_lp19_229=
    2    -2
   -2     0
    2     1
    2    -1
   -2    -2

r3_lp19_230=
    2    -2
   -2    -1
    0     2
    3     1
    2    -1
   -2    -2
   -1     0

r3_lp19_231=
    2    -2
   -2    -1
    1     2
    1     2
   -1    -2
   -2    -1

r3_lp19_232=
    2     2
   -2    -2
    0     1
    0     1
    2    -1
   -3    -2

r3_lp19_233=
    2    -2
   -2    -1
    2     3
    1     2
   -2    -2
   -1     0

r3_lp19_234=
    2    -2
   -2     0
    3     1
    2    -2
   -2     0

r3_lp19_235=
    2    -2
   -2     0
    2     1
    2    -2
   -2    -1

r3_lp19_236=
    2     2
   -2    -2
    1     0
    1     2
   -2    -2

r3_lp19_237=
    2    -2
   -2     0
    1     1
    2    -2
   -3    -2

r3_lp19_238=
    2     2
   -2    -2
    0     0
    1     2
   -2    -3

r3_lp19_239=
    2    -2
   -3     0
    1     3
    1     2
    0    -2
   -2     0

r3_lp19_240=
    2    -2
   -3     0
    2     1
    2     0
   -2    -2

r3_lp19_241=
    2    -2
   -3    -2
    2     3
    1     2
    0    -1
   -2     0

r3_lp19_242=
    2    -2
   -3    -2
    1     3
    1     2
    0    -1
   -2     0

r3_lp19_243=
    2    -2
   -3    -2
    1     2
    1     2
    0    -1
   -2    -2

r3_lp19_244=
    2    -2
   -3    -2
    0     2
    3     1
    2     0
   -1    -2
   -1     0

r3_lp19_245=
    2    -2
   -3    -2
    0     1
    2     1
    2     0
   -1    -2
   -2    -1

r3_lp19_246=
    2    -2
   -3    -1
    2     3
    1     2
    0    -2
   -1     0

r3_lp19_247=
    2    -2
   -3    -1
    0     3
    1     2
    0    -2
   -2     0

r3_lp19_248=
    2    -2
   -3    -1
    0     2
    1     2
    0    -2
   -2    -1

r3_lp19_249=
    2     2
   -2    -3
   -1     1
    0     1
    2     0
   -2    -2

r3_lp19_250=
    2    -2
   -3     0
    1     1
    2     0
   -3    -2

r3_lp19_251=
    2     2
   -2    -3
    0     0
    1     2
    0    -3

r3_lp19_252=
    2    -2
   -3    -2
    2     3
    1     2
    0    -2
   -1     0

r3_lp19_253=
    2    -2
   -3    -2
   -1     2
    1     2
    0    -2
   -2    -1

r3_lp19_254=
    2     2
   -2    -3
   -2     0
    0     1
    2     0
   -2    -2

r3_lp19_255=
    2    -2
   -3    -2
    1     1
    2     0
   -2    -2

r3_lp19_256=
    2    -1
   -2    -1
    2     3
    1     2
   -1    -2
   -2     0

r3_lp19_257=
    2    -1
   -2     0
    3     1
    2    -1
   -3     0

r3_lp19_258=
    2    -1
   -2     0
    2     1
    2    -1
   -3    -2

r3_lp19_259=
    2    -1
   -2    -2
    1     3
    1     2
   -1    -2
   -2     0

r3_lp19_260=
    2    -1
   -2    -2
    2     1
    2    -1
   -2    -2

r3_lp19_261=
    2    -1
   -2    -2
    0     2
    1     2
   -1    -2
   -3    -1

r3_lp19_262=
    2    -1
   -2     0
    2     3
    1     2
    0    -3
   -2     0

r3_lp19_263=
    2    -1
   -2    -1
    0     3
    1     2
    0    -2
   -3     0

r3_lp19_264=
    2    -1
   -2    -1
    0     2
    1     2
    0    -2
   -3    -2

r3_lp19_265=
    2    -1
   -2    -2
    0     2
    3     1
    2     0
   -1    -2
   -2     0

r3_lp19_266=
    2    -1
   -2    -2
   -1     1
    3     1
    2     0
   -1    -2
   -2     0

r3_lp19_267=
    2    -1
   -2    -2
   -1     2
    1     2
    0    -1
   -2    -2

r3_lp19_268=
    2    -1
   -2    -2
    0     2
    1     2
    0    -1
   -3    -1

r3_lp19_269=
    2    -1
   -2    -2
    0     2
    3     1
    2     0
   -2    -2
   -1     0

r3_lp19_270=
    2    -1
   -2    -2
    1     2
    1     2
    0    -2
   -2    -1

r3_lp19_271=
    2     2
   -1    -2
   -2     0
    1     0
    1     2
    0    -2
   -3    -2

r3_lp19_272=
    2    -1
   -2    -1
    2     3
    1     2
    1    -2
   -2     0

r3_lp19_273=
    2    -1
   -2    -1
    0     3
    1     2
    1    -2
   -3     0

r3_lp19_274=
    2    -1
   -2    -2
    0     2
    3     1
    2     1
    0    -2
   -2     0

r3_lp19_275=
    2    -1
   -2    -2
    0     3
    1     2
    1     0
   -3     0

r3_lp19_276=
    2    -1
   -2    -2
    0     2
    1     2
    1     0
   -3    -2

r3_lp19_277=
    2    -1
   -2    -2
   -1     1
    3     1
    2     1
    0    -2
   -2     0

r3_lp19_278=
    2    -1
   -2    -2
   -1     2
    1     2
    1     0
   -2    -2

r3_lp19_279=
    2    -1
   -2    -2
   -1     0
    2     1
    2     1
    0    -2
   -3    -1

r3_lp19_280=
    2    -1
   -2    -2
    1     2
    3     1
    2     1
   -1    -2
   -2     0

r3_lp19_281=
    2    -1
   -2    -2
    0     1
    3     1
    2     1
   -1    -2
   -2     0

r3_lp19_282=
    2    -1
   -2    -2
    0     2
    1     2
    1    -1
   -2    -2

r3_lp19_283=
    2    -1
   -2    -2
   -1     0
    2     3
    1     2
    1    -1
   -2    -2
   -1     0

r3_lp19_284=
    2    -1
   -2    -2
   -1     1
    2     1
    2     1
   -1    -2
   -2    -1

r3_lp19_285=
    2     2
   -1    -2
   -2     0
    1     0
    1     2
    1    -1
   -3    -2

r3_lp19_286=
    2    -1
   -2    -2
   -1     2
    3     1
    2     1
   -2    -2
   -1     0

r3_lp19_287=
    2    -1
   -2    -2
    0     3
    1     2
    1    -2
   -2     0

r3_lp19_288=
    2    -1
   -2    -2
    0     2
    1     2
    1    -2
   -2    -1

r3_lp19_289=
    2     2
   -1    -2
   -2     1
    0     1
    2     1
   -2    -2

r3_lp19_290=
    2     2
   -1    -2
   -2     0
    0     1
    2     1
   -2    -3

r3_lp19_291=
    2    -1
   -3     0
    1     3
    1     2
    0    -2
   -2     0

r3_lp19_292=
    2    -1
   -3     0
    2     1
    2     0
   -2    -2

r3_lp19_293=
    2    -1
   -3    -2
    1     3
    1     2
    0    -1
   -2     0

r3_lp19_294=
    2    -1
   -3    -2
    1     2
    1     2
    0    -1
   -2    -2

r3_lp19_295=
    2    -1
   -3    -2
    0     2
    3     1
    2     0
   -1    -2
   -1     0

r3_lp19_296=
    2    -1
   -3    -2
    0     1
    2     1
    2     0
   -1    -2
   -2    -1

r3_lp19_297=
    2    -1
   -3    -1
    2     3
    1     2
    0    -2
   -1     0

r3_lp19_298=
    2    -1
   -3    -1
    0     3
    1     2
    0    -2
   -2     0

r3_lp19_299=
    2    -1
   -3    -1
    0     2
    1     2
    0    -2
   -2    -1

r3_lp19_300=
    2     2
   -1    -3
   -1     1
    0     1
    2     0
   -2    -2

r3_lp19_301=
    2     2
   -1    -3
    0     0
    1     2
    0    -3

r3_lp19_302=
    2    -1
   -3    -2
   -1     2
    1     2
    0    -2
   -2    -1

r3_lp19_303=
    2     2
   -1    -3
   -2     0
    0     1
    2     0
   -2    -2

r3_lp19_304=
    2    -1
   -2    -2
   -1     1
    3     1
    2     2
    1    -2
   -2     0

r3_lp19_305=
    2    -1
   -2    -2
   -1     2
    1     2
    2     1
   -2    -2

r3_lp19_306=
    2    -1
   -2    -2
    0     1
    3     1
    2     2
    0    -2
   -2     0

r3_lp19_307=
    2    -1
   -2    -2
    0     2
    1     2
    2     0
   -2    -2

r3_lp19_308=
    2    -1
   -2    -2
    0     2
    1     2
    2     0
   -3    -1

r3_lp19_309=
    2    -1
   -2    -2
   -1     0
    2     3
    1     2
    2     0
   -2    -2
   -1     0

r3_lp19_310=
    2    -1
   -2    -2
   -1     1
    2     1
    2     2
    0    -2
   -2    -1

r3_lp19_311=
    2     2
   -1    -2
   -2    -1
    0     1
    0     1
    2     2
    0    -2
   -3    -2

r3_lp19_312=
    2    -1
   -2    -2
    1     2
    1     2
    2    -1
   -2    -2

r3_lp19_313=
    2    -1
   -2    -2
    0     2
    3     1
    2     2
   -1    -2
   -1     0

r3_lp19_314=
    2    -1
   -2    -2
    0     1
    2     1
    2     2
   -1    -2
   -2    -1

r3_lp19_315=
    2    -1
   -2    -2
   -1     0
    3     1
    2     2
   -1    -2
   -2     0

r3_lp19_316=
    2    -1
   -2    -2
   -1     0
    2     1
    2     2
   -1    -2
   -2    -1

r3_lp19_317=
    2     2
   -1    -2
   -2    -1
    1     0
    1     2
    2    -1
   -2    -2

r3_lp19_318=
    2     2
   -1    -2
   -2     0
    0     1
    2     2
   -1    -3

r3_lp19_319=
    2    -1
   -2    -2
   -1     2
    1     2
    2    -2
   -2    -1

r3_lp19_320=
    2     2
   -1    -2
   -2     0
    0     1
    2     2
   -2    -2

r3_lp19_321=
    2    -1
   -2    -3
    0     2
    3     1
    2     2
    0    -2
   -1     0

r3_lp19_322=
    2    -1
   -2    -3
    0     1
    2     1
    2     2
    0    -2
   -2    -1

r3_lp19_323=
    2    -1
   -2    -3
   -2     0
    3     1
    2     2
    0    -1
   -2     0

r3_lp19_324=
    2    -1
   -2    -3
   -2     0
    2     1
    2     2
    0    -1
   -2    -1

r3_lp19_325=
    2     2
   -1    -2
   -3    -2
    0     1
    0     1
    2     2
    0    -1
   -2    -2

r3_lp19_326=
    2     2
   -1    -2
   -3    -1
    0     0
    1     2
    2     0
   -2    -2

r3_lp19_327=
    0    -2
    0     2
    3     2
    2     0
   -3    -2
    0     1

r3_lp19_328=
    0    -2
   -1     0
    3     2
    2     0
   -2    -3
    0     1

r3_lp19_329=
    0    -2
   -2     0
    2     3
    2     2
    0    -1
   -2    -2
    0     1

r3_lp19_330=
    0    -2
   -2    -1
    1     3
    2     2
    0    -1
   -2    -2
    0     1

r3_lp19_331=
    0    -2
   -2    -1
    2     3
    2     0
   -1    -2
   -2     0

r3_lp19_332=
    0    -2
   -2     0
    2     2
    2     0
   -1    -3
   -1     1

r3_lp19_333=
    0    -2
   -2     0
    3     2
    0    -1
   -3     0

r3_lp19_334=
    0    -2
   -2     0
    2     3
    2     2
    0    -2
   -2    -1
    0     1

r3_lp19_335=
    0    -2
   -2     1
    3     2
    0    -2
   -2     0

r3_lp19_336=
    0    -3
    0     2
    3     2
    2     0
   -2    -2
    0     1

r3_lp19_337=
    0    -3
   -2     0
    1     3
    2     2
    0    -1
   -2    -2
    0     1

r3_lp19_338=
    0    -3
   -2     0
    2     2
    2     0
   -1    -2
   -2     1

r3_lp19_339=
    0    -3
   -2     0
    2     3
    2     0
   -1    -2
   -2     0

r3_lp19_340=
    0    -3
   -1     0
    2     3
    2     2
    0    -2
   -2    -1
    0     1

r3_lp19_341=
    0    -3
   -1     1
    2     2
    2     0
   -2    -2
   -1     1

r3_lp19_342=
    0    -3
   -1     1
    3     2
    0    -2
   -2     0

r3_lp19_343=
    0    -3
    0     1
    2     2
    2     0
   -3    -2
    0     1

r3_lp19_344=
    0    -3
   -2     0
    2     2
    2     0
   -2    -2
   -1     1

r3_lp19_345=
    0    -3
   -2     1
    2     2
    2     0
   -2    -2
    0     1

r3_lp19_346=
    0    -3
   -2     0
    2     2
    2     0
   -2    -3
    0     1

r3_lp19_347=
    0    -2
   -2     0
    2     3
    2     2
    1     0
   -2    -2
    0     1

r3_lp19_348=
    0    -2
   -2     0
    3     2
    2     1
    0    -3
    0     1

r3_lp19_349=
    0    -2
   -2    -1
    1     3
    2     2
    1     0
   -2    -2
    0     1

r3_lp19_350=
    0    -2
   -2     0
    1     3
    2     2
    1    -1
   -2    -2
    0     1

r3_lp19_351=
    0    -2
   -2    -1
    0     2
    3     2
    2     1
   -1    -2
   -2    -1
    0     1

r3_lp19_352=
    0    -2
   -2     0
    3     2
    2     1
   -2    -2
    0     1

r3_lp19_353=
    0    -2
   -3     0
    1     3
    2     2
    1     0
   -2    -2
    0     1

r3_lp19_354=
    0    -2
   -3    -2
    0     2
    3     2
    2     1
    0    -1
   -2    -1
    0     1

r3_lp19_355=
    0    -1
   -2    -2
    0     1
    3     2
    2     2
    0    -1
   -2    -2
    0     1

r3_lp19_356=
    0    -1
   -2    -2
    0     2
    2     2
    2     0
   -1    -2
   -2     1

r3_lp19_357=
    0    -1
   -2    -2
    0     2
    3     2
    2     0
   -1    -2
   -2     0

r3_lp19_358=
    0    -1
   -2    -2
   -1     0
    2     3
    2     2
    2     0
   -1    -2
   -2    -1
    0     1

r3_lp19_359=
    0    -1
   -2    -2
   -1     1
    2     2
    2     2
    0    -1
   -2    -2
   -1     1

r3_lp19_360=
    0    -1
   -2    -2
   -1     1
    3     2
    2     0
   -1    -2
   -2     0

r3_lp19_361=
    0    -1
   -2    -2
   -1     2
    2     2
    2     0
   -1    -2
   -2     0

r3_lp19_362=
    0    -1
   -2    -2
    0     2
    2     2
    2     0
   -1    -3
   -1     0

r3_lp19_363=
    0    -1
   -2    -2
    0     3
    2     2
    2     0
   -2    -2
    0     1

r3_lp19_364=
    0    -1
   -2    -2
    0     2
    2     2
    2     0
   -2    -2
   -1     1

r3_lp19_365=
    0    -1
   -2    -2
    0     2
    3     2
    2     0
   -2    -2
   -1     0

r3_lp19_366=
    0    -1
   -2    -2
    1     2
    2     2
    2     0
   -2    -2
   -1     0

r3_lp19_367=
    0    -1
   -2    -2
    0     1
    3     2
    2     2
    1     0
   -2    -2
    0     1

r3_lp19_368=
    0    -1
   -2    -2
    0     2
    2     2
    2     1
    0    -2
   -2     1

r3_lp19_369=
    0    -1
   -2    -2
    0     2
    2     2
    2     1
    0    -3
   -1     1

r3_lp19_370=
    0    -1
   -2    -2
    0     3
    2     2
    1     0
   -3     0

r3_lp19_371=
    0    -1
   -2    -2
   -1     1
    2     2
    2     2
    1     0
   -2    -2
   -1     1

r3_lp19_372=
    0    -1
   -2    -2
    0     1
    2     2
    2     2
    1    -1
   -2    -2
   -1     1

r3_lp19_373=
    0    -1
   -2    -2
    0     1
    3     2
    2     1
   -1    -2
   -2     0

r3_lp19_374=
    0    -1
   -2    -2
    0     2
    2     2
    2     1
   -1    -2
   -2     0

r3_lp19_375=
    0    -1
   -2    -2
   -1     0
    3     2
    2     2
    1    -1
   -2    -2
    0     1

r3_lp19_376=
    0    -1
   -2    -2
   -1     0
    2     2
    2     2
    1    -1
   -2    -2
   -1     1

r3_lp19_377=
    0    -1
   -2    -2
   -1     1
    2     2
    2     2
    1    -1
   -2    -2
   -1     0

r3_lp19_378=
    0    -1
   -2    -2
    0     3
    2     2
    1    -2
   -2     0

r3_lp19_379=
    0    -1
   -3    -1
    0     3
    2     2
    0    -2
   -2     0

r3_lp19_380=
    0    -2
   -2     0
    2     2
    2     2
    0    -2
   -2     0
