r3_lp11_1=
   -1    -3
   -2     2
    0     0
   -2    -2

r3_lp11_2=
   -2    -2
    2     1
   -2    -2

r3_lp11_3=
   -1     2
   -2    -3
   -2    -2
    1     0

r3_lp11_4=
    1    -2
   -3    -2
   -2     1
    0    -2

r3_lp11_5=
    1    -2
   -3    -2
    2    -1
    0     0
   -2    -2

r3_lp11_6=
   -1    -2
   -2     2
    1     0
    0    -2
   -2    -1

r3_lp11_7=
   -1    -3
   -1     2
    1     0
    0    -2
   -2    -1

r3_lp11_8=
   -1    -3
   -2     1
    1     0
    0    -2
   -2    -1

r3_lp11_9=
    1    -2
   -2    -1
    2    -1
    1    -1
   -2    -2

r3_lp11_10=
    1    -2
   -2     1
   -1     1
   -2    -2

r3_lp11_11=
    0     2
    1    -2
   -3    -2
   -2    -2
   -1     1
    0    -1

r3_lp11_12=
    1    -2
   -3    -1
    1    -1
    1     0
   -2    -2

r3_lp11_13=
    0     1
   -2    -3
   -2    -2
   -1     1
    0    -2

r3_lp11_14=
    0    -3
   -2     1
    0     0
   -2    -2

r3_lp11_15=
    0    -2
   -2    -1
    2     0
    1     0
   -2    -2

r3_lp11_16=
    0    -2
   -2     0
    2     0
    1    -1
   -2    -2

r3_lp11_17=
    0    -2
   -2    -1
    1     1
    0     1
   -1    -2
   -2    -1

r3_lp11_18=
    0    -2
   -3    -2
    1     2
    0     1
    0    -1
   -2    -2

r3_lp11_19=
    0    -2
   -3    -2
    0     1
    1     0
    1     0
   -1    -2
   -2    -1

r3_lp11_20=
    0    -2
   -3    -1
    0     1
    0     1
    0    -2
   -2    -1

r3_lp11_21=
    0    -2
   -3    -1
    1     0
    1     0
   -2    -2

r3_lp11_22=
    0    -2
   -3    -2
   -1     1
    0     1
    0    -2
   -2    -1

r3_lp11_23=
   -1    -3
   -2     1
    2     1
    0    -1
   -2    -2

r3_lp11_24=
    0     1
    1    -1
   -3    -2
   -2    -2
   -1     1
    0    -1

r3_lp11_25=
    0     1
   -1    -3
   -1    -2
   -1     1
    0    -2

r3_lp11_26=
    0    -1
   -3    -1
    1     0
    1     0
   -2    -2

r3_lp11_27=
   -1    -3
   -2    -1
    1     1
    0    -2
   -2    -1

r3_lp11_28=
   -1    -3
   -2     1
    1     0
   -2    -2

r3_lp11_29=
    0    -1
   -2    -3
   -2     0
    1     0
    1     1
    0    -1
   -2    -2

r3_lp11_30=
   -1    -2
   -3    -2
    1     1
    1     0
   -2    -1

r3_lp11_31=
   -1     2
   -2    -3
   -1    -2
    2     0

r3_lp11_32=
    0    -2
   -3    -2
    1     0
    2     0
   -1    -2

r3_lp11_33=
    1    -2
   -3     1
   -1     2
    0    -2

r3_lp11_34=
    0     1
   -1    -2
   -3    -2
   -2    -2
    1     2
    0    -1

r3_lp11_35=
    0    -2
   -3     0
    1     0
    2     0
   -2    -2

r3_lp11_36=
    1    -2
   -3    -1
   -2     2
    0    -2

r3_lp11_37=
    0    -2
   -3    -2
    0    -1
    2     0
   -2    -2

r3_lp11_38=
    0    -1
   -2    -3
   -2    -2
    1     2
    0    -2

r3_lp11_39=
    0    -1
   -2    -3
   -2    -1
   -1     1
    2     0
   -2    -2

r3_lp11_40=
    0    -2
   -3    -2
    0     0
    2     0
   -2    -1

r3_lp11_41=
    0    -2
   -3    -2
   -1     0
    2     0
   -2    -2

r3_lp11_42=
    2    -3
   -2     2
   -1     0
   -2    -2

r3_lp11_43=
   -2    -2
    2     2
    0    -2
   -2    -1

r3_lp11_44=
   -1     2
    2    -2
   -3    -2
   -2    -1
    0     0

r3_lp11_45=
    1     2
   -2    -3
   -2    -2
   -1     0
    0    -2

r3_lp11_46=
   -1    -2
   -2     2
    2     0
   -1    -2
   -2    -1

r3_lp11_47=
   -1    -2
   -2    -1
    2     2
    0     0
   -1    -2
   -2    -1

r3_lp11_48=
    0     2
    2    -1
   -3    -2
   -2    -2
   -1     0
    0    -1

r3_lp11_49=
   -1    -3
   -1     1
    2     0
    0    -2
   -2    -1

r3_lp11_50=
    0     2
   -1    -3
   -2    -2
   -1     0
    0    -2

r3_lp11_51=
    0    -2
   -2     2
    2     0
   -1    -2
   -2    -1

r3_lp11_52=
    0    -1
   -2    -1
    2     2
    0     0
   -1    -2
   -2    -1

r3_lp11_53=
    0    -2
   -2     0
    2     2
    0     0
   -1    -2
   -2    -1

r3_lp11_54=
    1     2
    2    -2
   -2    -2
   -2    -1
    1    -1

r3_lp11_55=
    0     2
   -2    -2
   -1    -2
   -1     1
   -1    -2

r3_lp11_56=
    1     2
   -2    -2
   -1    -2
   -1     1
    0    -2

r3_lp11_57=
   -1     2
   -2    -2
   -2    -1
    1    -2

r3_lp11_58=
    0     2
   -2    -3
   -2    -2
   -1     1
    0    -1

r3_lp11_59=
   -1     2
   -2    -3
   -2    -1
    1     0

r3_lp11_60=
   -2    -3
   -2     2
    1     0
   -2    -1

r3_lp11_61=
   -1    -2
    1     2
    1    -2
   -2    -1

r3_lp11_62=
    0     2
    2    -1
   -2    -2
   -2    -1
    1    -1

r3_lp11_63=
    0     2
   -1    -2
   -2    -2
   -1     1
   -1    -2

r3_lp11_64=
   -1    -2
   -2     1
    2     2
    1     0
   -1    -2
   -2    -1

r3_lp11_65=
    0     1
    2    -1
   -2    -2
   -2    -2
   -1     1
    0    -1

r3_lp11_66=
    0     2
   -1    -2
   -2    -1
   -2    -1
    1     0
   -1    -2

r3_lp11_67=
   -1    -2
   -2    -1
    2     1
    0    -2
   -2    -1

r3_lp11_68=
   -1    -3
   -2     2
    2     1
    0    -1
   -2    -1

r3_lp11_69=
   -1    -3
   -2     1
    2     1
    0    -1
   -2    -1

r3_lp11_70=
    0     2
   -1    -3
   -2    -2
   -1     1
    0    -1

r3_lp11_71=
    0     1
    2    -1
   -3    -2
   -2    -1
    1     0

r3_lp11_72=
   -1    -3
   -1     2
    1     0
   -2    -1

r3_lp11_73=
   -1    -3
   -2     2
    1     0
   -2    -1

r3_lp11_74=
    0     2
   -1    -2
   -2    -1
   -2    -1
    1     1
    0    -2

r3_lp11_75=
   -1    -2
   -2     2
    2     1
    1    -1
   -2    -1

r3_lp11_76=
   -1    -2
   -2    -1
    2     1
    1    -1
   -2    -1

r3_lp11_77=
   -1    -2
   -2     2
    1     1
   -2    -1

r3_lp11_78=
   -1     1
    2     2
   -2    -2
   -1    -2
   -2    -1
    2     1

r3_lp11_79=
    0     1
    2    -2
   -2    -1
   -2    -2
   -1     2
    1    -1

r3_lp11_80=
    0     2
    2    -2
   -2    -2
   -2    -1
    2     1

r3_lp11_81=
   -1     2
   -2    -2
   -2    -1
    2     0

r3_lp11_82=
    0     2
   -2    -2
   -1    -2
   -1     2
    1    -2

r3_lp11_83=
    2    -2
   -3     2
   -1     2
    0    -2

r3_lp11_84=
    1    -2
   -2    -1
    0     2
    0     1
    0    -2
   -2    -1

r3_lp11_85=
    1    -2
   -2     2
    0     1
   -2    -1

r3_lp11_86=
    1    -1
   -2     0
    2     0
    1    -2
   -2    -1

r3_lp11_87=
    1    -1
   -2    -2
   -1     2
    0     1
   -1    -2
   -2    -1

r3_lp11_88=
    1    -1
   -2    -2
    2     0
    1     0
   -2    -1

r3_lp11_89=
    1    -2
   -3     2
    0     2
    0    -2

r3_lp11_90=
    1    -2
   -3     0
    0     2
    0    -2

r3_lp11_91=
    0    -3
    1     2
    1     1
    0    -2
   -2     0

r3_lp11_92=
    0    -3
    0     2
    1     0
   -2    -2

r3_lp11_93=
    0    -3
   -2     2
    1     1
    0    -1
   -2     0

r3_lp11_94=
    0    -3
   -2     1
    2     1
    0    -1
   -2    -2

r3_lp11_95=
    0    -1
   -2    -1
    2     1
    1    -2
   -2    -1

r3_lp11_96=
    0    -1
   -3    -2
    2     1
    1     0
   -1    -2

r3_lp11_97=
    0    -2
   -3     1
    1     2
    0    -2

r3_lp11_98=
   -1    -2
    2     2
   -2    -1

r3_lp11_99=
    0    -1
   -3     2
    1     2
    0    -2

r3_lp11_100=
   -1     2
   -1    -3
   -1    -2
    2     0

r3_lp11_101=
    1    -1
   -3     1
   -1     2
    0    -2

r3_lp11_102=
   -1    -2
   -3     2
    2     2
    0    -2

r3_lp11_103=
    2    -3
   -1     2
    0     0
   -1    -2

r3_lp11_104=
    2    -3
    0     2
    0     0
   -2    -1

r3_lp11_105=
    2    -3
    0     1
    0     0
   -2    -2

r3_lp11_106=
    2    -3
   -2     2
    0     0
   -1    -1

r3_lp11_107=
    2    -2
   -1     0
    0     1
   -2    -3

r3_lp11_108=
    2    -2
   -3     2
    0     1
    0    -2

r3_lp11_109=
    2    -2
   -3    -1
    2     0
    1     0
   -1    -1

r3_lp11_110=
    2    -2
   -3     1
    0     1
    0    -2

r3_lp11_111=
    2    -2
   -3     0
    0     1
    0    -2

r3_lp11_112=
    2    -2
   -3    -2
    1     0
    1     0
   -1    -1

r3_lp11_113=
    2    -2
   -3    -1
    0     1
    0    -2

r3_lp11_114=
    2    -2
   -3    -2
    0     1
    0    -2

r3_lp11_115=
    2    -1
   -2    -3
    0     2
    0     1
    1     0
   -1    -1

r3_lp11_116=
    2    -1
   -2    -3
   -2     0
    0     1
    1     0
   -1    -1

r3_lp11_117=
    2    -2
    0     0
    2    -3

r3_lp11_118=
    2    -1
    0     2
    0     2
   -3    -1

r3_lp11_119=
    2    -1
   -1     0
    1     0
    2     1
   -3    -2

r3_lp11_120=
    2    -1
   -1     0
    0     2
    0    -3

r3_lp11_121=
    1    -3
    2     2
    1     0
   -2     0

r3_lp11_122=
    1    -3
   -1     2
    2     1
    0    -1
   -1     0

r3_lp11_123=
    1    -3
   -1     2
    2     1
    0    -1
   -2    -1

r3_lp11_124=
    1    -3
   -2     2
    1     0
   -1    -2

r3_lp11_125=
    0    -3
    0     2
    2     1
    1     0
   -1    -1
    0     1

r3_lp11_126=
    0    -3
    2     2
    1     1
    0    -2
   -1     1

r3_lp11_127=
    3    -3
    2     0
    0    -2

r3_lp11_128=
    3    -3
   -1     2
    0     0
   -1    -1

r3_lp11_129=
    3    -2
   -1     2
    0     1
   -2    -1

r3_lp11_130=
    3    -2
   -1     0
    0     1
   -2    -2

r3_lp11_131=
    3    -2
   -2    -1
    0     1
    0    -2

r3_lp11_132=
    3    -2
   -2     1
    0     1
   -1    -1

r3_lp11_133=
    3    -2
   -2     0
    1    -2

r3_lp11_134=
    3    -2
   -3     0
    2     0
    1     0
   -1    -1

r3_lp11_135=
    3    -2
   -3    -1
    1     0
    1     0
   -1    -1

r3_lp11_136=
    3    -2
   -3    -2
    0     0
    1     0
   -1    -1

r3_lp11_137=
    3    -1
   -3     0
    2     0
    1     0
   -1    -1

r3_lp11_138=
    3    -1
   -2    -1
    0     1
    1    -2

r3_lp11_139=
    3    -1
   -2    -2
    0     0
    1     1
   -1    -1

r3_lp11_140=
    3    -1
   -2    -3
    1     2
    0     1
    1     0
   -1    -1

r3_lp11_141=
    3    -1
   -2    -3
    0     1
    0     1
    1     0
   -1    -1

r3_lp11_142=
    3    -1
   -2    -3
   -1     0
    0     1
    1     0
   -1    -1

r3_lp11_143=
    3    -1
   -2    -3
   -2    -1
    0     1
    1     0
   -1    -1
