r3_lp26_1=
    0    -2
   -3    -2
    0     2
    3     2
    2     2
    0    -2
   -3    -2
    0     1

r3_lp26_2=
    1    -1
   -3    -2
    0     2
    3     2
    2     0
   -2    -3
   -2     0

r3_lp26_3=
    1    -2
   -2     0
    2     3
    2     2
   -2    -3
   -2     0

r3_lp26_4=
    1    -2
   -3     0
    2     3
    2     2
    0    -3
   -2     0

r3_lp26_5=
    1    -2
   -3    -2
    2     3
    2     2
    0    -2
   -2     0

r3_lp26_6=
    1    -2
   -3    -2
    0     3
    2     2
    0    -2
   -3     0

r3_lp26_7=
    1    -2
   -3    -2
    0     2
    2     2
    2     0
   -2    -3
   -2     1

r3_lp26_8=
    2    -2
   -2     2
    3     2
    2    -2
   -2     0

r3_lp26_9=
    2    -2
   -2     0
    3     2
    2    -2
   -3     0

r3_lp26_10=
    2    -2
   -3     0
    3     2
    2     0
   -3     0

r3_lp26_11=
    0    -3
    0     3
    2     3
    0    -3
    0     2
