r4_lp45_1=
    3    -1
   -2    -3
   -4    -3
   -2     0
    2     3
    4     2
    3     3
    2     0
   -2    -3
   -4    -3
   -2     0

r4_lp45_2=
    0    -1
   -3    -4
   -3    -2
    0     2
    3     4
    3     3
    3     2
    0    -2
   -3    -4
   -3    -2
    0     2

r4_lp45_3=
    0    -2
   -4    -3
   -2     0
    2     3
    4     3
    3     3
    0    -2
   -3    -4
   -3    -2
    0     2

r4_lp45_4=
    0    -2
   -3    -3
   -2     0
    2     3
    4     3
    3     3
    2    -2
   -3    -4
   -3    -2
    0     2

r4_lp45_5=
    0    -2
   -3    -4
   -2     0
    2     3
    4     3
    3     3
    2     0
   -3    -4
   -3    -2
    0     2

r4_lp45_6=
    0    -2
   -3    -4
   -3     0
    2     3
    4     3
    3     3
    2     0
   -2    -4
   -3    -2
    0     2

r4_lp45_7=
    0    -2
   -3    -4
   -3    -2
    2     3
    4     3
    3     3
    2     0
   -2    -3
   -3    -2
    0     2

r4_lp45_8=
    0    -2
   -3    -4
   -3    -2
    0     3
    4     3
    3     3
    2     0
   -2    -3
   -4    -2
    0     2

r4_lp45_9=
    0    -2
   -3    -4
   -3    -2
    0     2
    4     3
    3     3
    2     0
   -2    -3
   -4    -3
    0     2

r4_lp45_10=
    0    -2
   -3    -4
   -3    -2
    0     2
    3     3
    3     3
    2     0
   -2    -3
   -4    -3
   -2     2

r4_lp45_11=
    0    -2
   -3    -4
   -3    -2
    0     2
    3     4
    2     3
    3     2
    0    -2
   -3    -4
   -3    -2
    0     2

r4_lp45_12=
    1    -1
   -4    -3
   -2     0
    2     3
    4     3
    3     3
    0    -2
   -3    -4
   -3    -2
    0     2

r4_lp45_13=
    1    -1
   -3    -3
   -2     0
    2     3
    4     3
    3     3
    2    -2
   -3    -4
   -3    -2
    0     2

r4_lp45_14=
    1    -1
   -3    -4
   -2     0
    2     3
    4     3
    3     3
    2     0
   -3    -4
   -3    -2
    0     2

r4_lp45_15=
    1    -1
   -3    -4
   -3     0
    2     3
    4     3
    3     3
    2     0
   -2    -4
   -3    -2
    0     2

r4_lp45_16=
    1    -1
   -3    -4
   -3    -2
    2     3
    4     3
    3     3
    2     0
   -2    -3
   -3    -2
    0     2

r4_lp45_17=
    1    -2
   -3    -3
   -2     0
    2     3
    4     3
    3     3
    1    -2
   -3    -4
   -3    -2
    0     2

r4_lp45_18=
    1    -2
   -4    -2
    0     2
    3     4
    3     3
    3     0
   -3    -4
   -3    -2
    0     2

r4_lp45_19=
    1    -2
   -4    -3
    0     2
    3     4
    3     3
    3     0
   -2    -4
   -3    -2
    0     2

r4_lp45_20=
    1    -2
   -4    -3
   -2     2
    3     4
    3     3
    3     0
   -2    -3
   -3    -2
    0     2

r4_lp45_21=
    1    -2
   -4    -3
   -2     0
    3     4
    3     3
    3     0
   -2    -3
   -4    -2
    0     2

r4_lp45_22=
    1    -2
   -4    -3
   -2     0
    2     4
    3     3
    3     0
   -2    -3
   -4    -3
    0     2

r4_lp45_23=
    1    -2
   -4    -3
   -2     0
    2     3
    3     3
    3     0
   -2    -3
   -4    -3
   -2     2

r4_lp45_24=
    1    -2
   -4    -3
   -2     0
    2     3
    4     3
    3     0
   -2    -3
   -4    -3
   -2     0

r4_lp45_25=
    1    -2
   -3    -3
   -2     0
    2     3
    4     3
    3     3
    2    -1
   -3    -4
   -3    -2
    0     2

r4_lp45_26=
    1    -2
   -3    -3
    0     2
    3     4
    3     3
    3     2
   -2    -4
   -3    -2
    0     2

r4_lp45_27=
    1    -2
   -3    -3
   -2     2
    3     4
    3     3
    3     2
   -2    -3
   -3    -2
    0     2

r4_lp45_28=
    1    -2
   -3    -3
   -2     0
    3     4
    3     3
    3     2
   -2    -3
   -4    -2
    0     2

r4_lp45_29=
    1    -2
   -3    -3
   -2     0
    2     4
    3     3
    3     2
   -2    -3
   -4    -3
    0     2

r4_lp45_30=
    1    -2
   -3    -3
   -2     0
    2     3
    3     3
    3     2
   -2    -3
   -4    -3
   -2     2

r4_lp45_31=
    1    -2
   -3    -3
   -2     0
    2     3
    4     3
    3     2
   -2    -3
   -4    -3
   -2     0

r4_lp45_32=
    1    -2
   -3    -4
    0     2
    3     4
    3     3
    3     2
    0    -4
   -3    -2
    0     2

r4_lp45_33=
    1    -2
   -3    -4
   -2     2
    3     4
    3     3
    3     2
    0    -3
   -3    -2
    0     2

r4_lp45_34=
    1    -2
   -3    -4
   -2     0
    3     4
    3     3
    3     2
    0    -3
   -4    -2
    0     2

r4_lp45_35=
    1    -2
   -3    -4
   -2     0
    2     4
    3     3
    3     2
    0    -3
   -4    -3
    0     2

r4_lp45_36=
    1    -2
   -3    -4
   -2     0
    2     3
    3     3
    3     2
    0    -3
   -4    -3
   -2     2

r4_lp45_37=
    1    -2
   -3    -4
   -2     0
    2     3
    4     3
    3     2
    0    -3
   -4    -3
   -2     0

r4_lp45_38=
    1    -2
   -3    -4
   -3    -1
    2     3
    4     3
    3     3
    2     0
   -2    -3
   -3    -2
    0     2

r4_lp45_39=
    1    -2
   -3    -4
   -3     0
    3     4
    3     3
    3     2
    0    -2
   -4    -2
    0     2

r4_lp45_40=
    1    -2
   -3    -4
   -3     0
    2     4
    3     3
    3     2
    0    -2
   -4    -3
    0     2

r4_lp45_41=
    1    -2
   -3    -4
   -3     0
    2     3
    3     3
    3     2
    0    -2
   -4    -3
   -2     2

r4_lp45_42=
    1    -2
   -3    -4
   -3     0
    2     3
    4     3
    3     2
    0    -2
   -4    -3
   -2     0

r4_lp45_43=
    1    -2
   -3    -4
   -3    -2
    1     3
    4     3
    3     3
    2     0
   -2    -3
   -3    -2
    0     2

r4_lp45_44=
    1    -2
   -3    -4
   -3    -2
    2     4
    3     3
    3     2
    0    -2
   -3    -3
    0     2

r4_lp45_45=
    1    -2
   -3    -4
   -3    -2
    2     3
    3     3
    3     2
    0    -2
   -3    -3
   -2     2

r4_lp45_46=
    1    -2
   -3    -4
   -3    -2
    2     3
    4     3
    3     2
    0    -2
   -3    -3
   -2     0

r4_lp45_47=
    1    -2
   -3    -4
   -3    -2
    0     4
    3     3
    3     2
    0    -2
   -3    -4
    0     2

r4_lp45_48=
    1    -2
   -3    -4
   -3    -2
    0     3
    3     3
    3     2
    0    -2
   -3    -4
   -2     2

r4_lp45_49=
    1    -2
   -3    -4
   -3    -2
    0     3
    4     3
    3     2
    0    -2
   -3    -4
   -2     0

r4_lp45_50=
    1    -2
   -3    -4
   -3    -2
    0     2
    4     3
    3     2
    0    -2
   -3    -4
   -3     0

r4_lp45_51=
    1    -2
   -3    -4
   -3    -2
    0     2
    3     3
    3     3
    2     0
   -2    -3
   -4    -3
   -2     1

r4_lp45_52=
    2    -2
   -4     0
    2     3
    4     3
    3     3
    0    -4
   -3    -2
    0     2

r4_lp45_53=
    2    -2
   -4    -2
    2     3
    4     3
    3     3
    0    -3
   -3    -2
    0     2

r4_lp45_54=
    2    -2
   -4    -2
    0     3
    4     3
    3     3
    0    -3
   -4    -2
    0     2

r4_lp45_55=
    2    -2
   -4    -2
    0     2
    4     3
    3     3
    0    -3
   -4    -3
    0     2

r4_lp45_56=
    2    -2
   -4    -2
    0     2
    3     3
    3     3
    0    -3
   -4    -3
   -2     2

r4_lp45_57=
    2    -2
   -4    -2
    0     2
    3     4
    3     3
    0    -3
   -4    -3
   -2     0

r4_lp45_58=
    2    -2
   -4    -3
    0     3
    4     3
    3     3
    0    -2
   -4    -2
    0     2

r4_lp45_59=
    2    -2
   -4    -3
    0     2
    4     3
    3     3
    0    -2
   -4    -3
    0     2

r4_lp45_60=
    2    -2
   -4    -3
    0     2
    3     3
    3     3
    0    -2
   -4    -3
   -2     2

r4_lp45_61=
    2    -2
   -4    -3
    0     2
    3     4
    3     3
    0    -2
   -4    -3
   -2     0

r4_lp45_62=
    2    -2
   -4    -3
   -2     2
    4     3
    3     3
    0    -2
   -3    -3
    0     2

r4_lp45_63=
    2    -2
   -4    -3
   -2     2
    3     3
    3     3
    0    -2
   -3    -3
   -2     2

r4_lp45_64=
    2    -2
   -4    -3
   -2     2
    3     4
    3     3
    0    -2
   -3    -3
   -2     0

r4_lp45_65=
    2    -2
   -4    -3
   -2     0
    4     3
    3     3
    0    -2
   -3    -4
    0     2

r4_lp45_66=
    2    -2
   -4    -3
   -2     0
    3     3
    3     3
    0    -2
   -3    -4
   -2     2

r4_lp45_67=
    2    -2
   -3    -3
   -2     2
    3     3
    3     3
    2    -2
   -3    -3
   -2     2

r4_lp45_68=
    2    -2
   -3    -3
   -2     0
    4     3
    3     3
    2    -2
   -3    -4
    0     2

r4_lp45_69=
    2    -2
   -3    -4
    0     3
    4     3
    3     3
    2     0
   -4    -2
    0     2

r4_lp45_70=
    2    -2
   -3    -4
    0     2
    4     3
    3     3
    2     0
   -4    -3
    0     2

r4_lp45_71=
    0    -4
    0     2
    3     4
    3     2
    4     0
   -4    -3
   -2     0
    2     3

r4_lp45_72=
    0    -4
   -2     0
    3     4
    3     2
    4     0
   -3    -4
   -2     0
    2     3

r4_lp45_73=
    0    -4
   -2     0
    2     4
    3     2
    4     0
   -3    -4
   -3     0
    2     3

r4_lp45_74=
    0    -4
   -2     0
    2     3
    4     2
    4     0
   -3    -4
   -3    -2
    0     3

r4_lp45_75=
    0    -4
   -2     0
    2     3
    4     3
    4     0
   -3    -4
   -3    -2
    0     2

r4_lp45_76=
    0    -4
   -3     0
    3     4
    3     2
    4     0
   -2    -4
   -2     0
    2     3

r4_lp45_77=
    0    -4
   -3     0
    2     4
    3     2
    4     0
   -2    -4
   -3     0
    2     3

r4_lp45_78=
    0    -4
   -3     0
    2     3
    4     2
    4     0
   -2    -4
   -3    -2
    0     3

r4_lp45_79=
    0    -4
   -3    -2
    0     4
    3     2
    4     0
   -2    -3
   -4     0
    2     3

r4_lp45_80=
    0    -3
   -4    -2
    0     3
    4     2
    4     2
    0    -3
   -4    -2
    0     3

r4_lp45_81=
    0    -3
   -4    -2
    0     3
    4     3
    4     2
    0    -3
   -4    -2
    0     2

r4_lp45_82=
    0    -3
   -4    -2
    0     2
    4     3
    4     2
    0    -3
   -4    -3
    0     2

r4_lp45_83=
    0    -3
   -4    -3
    0     3
    4     3
    4     2
    0    -2
   -4    -2
    0     2
