r4_lp13_1=
   -3    -4
   -3     3
    0     0
   -2    -2

r4_lp13_2=
   -2    -4
   -2     3
    0     0
   -2    -2

r4_lp13_3=
    1    -4
   -3     3
   -1     0
   -2    -2

r4_lp13_4=
    1    -3
   -3     3
   -1     0
   -2    -2

r4_lp13_5=
    1    -3
   -4    -2
    3    -1
    0     0
   -2    -2

r4_lp13_6=
    1    -3
   -4    -3
    2    -1
    0     0
   -2    -2

r4_lp13_7=
    1    -2
   -3    -3
    3    -1
    0    -1
   -2    -2

r4_lp13_8=
    1    -2
   -3    -3
   -2     3
   -1     0
    0    -1
   -2    -2

r4_lp13_9=
    1    -2
   -4    -3
   -1     3
   -1     0
    0    -1
   -2    -2

r4_lp13_10=
    1    -2
   -4    -2
    2    -1
    0     0
   -2    -2

r4_lp13_11=
    1    -2
   -4    -3
    1    -1
    0     0
   -2    -2

r4_lp13_12=
   -1    -4
   -1     3
    0     0
   -2    -2

r4_lp13_13=
    0     3
   -1    -4
   -3    -2
   -2     0
    0    -1

r4_lp13_14=
   -1    -4
   -3    -1
    2     1
    0     0
   -1    -2
   -2    -1

r4_lp13_15=
    0     1
   -1    -4
   -3    -2
   -1     0
    0    -2

r4_lp13_16=
    0     3
   -3    -3
   -2    -2
    1    -1

r4_lp13_17=
    1    -3
   -3    -1
    2    -1
    1    -1
   -2    -2

r4_lp13_18=
   -1     3
   -3    -3
   -2    -2
    1     0

r4_lp13_19=
   -1    -3
   -3    -2
    2     0
    1    -1
   -2    -2

r4_lp13_20=
   -2     3
   -3    -2
   -2     1

r4_lp13_21=
    1     3
   -3    -4
   -3    -2
   -2     1
    0    -1

r4_lp13_22=
    0     2
    1    -3
   -4    -3
   -2    -2
   -1     1
    0    -1

r4_lp13_23=
    0     3
   -3    -4
   -2    -2
    1     0

r4_lp13_24=
   -1    -3
   -4    -3
   -1     2
    0     1
    0    -1
   -2    -2

r4_lp13_25=
    1    -3
   -4    -1
    2    -1
    1     0
   -2    -2

r4_lp13_26=
    1    -3
   -4    -3
   -1     1
   -1     1
    0    -1
   -2    -2

r4_lp13_27=
    2    -3
   -4    -2
   -2     1
    0    -2

r4_lp13_28=
   -1    -3
   -4    -2
    1     0
    1     0
   -2    -2

r4_lp13_29=
    0     1
   -3    -4
   -2    -2
   -1     1
    0    -2

r4_lp13_30=
    0    -3
   -4    -3
    1    -1
    1     0
   -2    -2

r4_lp13_31=
    0    -1
   -3    -4
   -3     0
   -1     0
    1     0
   -2    -2

r4_lp13_32=
    1    -3
   -4    -3
   -1    -1
    1     0
   -2    -2

r4_lp13_33=
    1    -2
   -3     2
   -1     1
   -2    -2

r4_lp13_34=
   -1     3
   -2    -3
   -2    -2
    1    -1

r4_lp13_35=
    1    -2
   -3    -2
    2    -1
    1    -1
   -2    -2

r4_lp13_36=
    0     3
   -2    -3
   -3    -2
   -2     1
    0    -1

r4_lp13_37=
    1    -2
   -3    -3
   -1     2
   -1     1
    0    -1
   -2    -2

r4_lp13_38=
   -2    -3
   -3    -2
    2     1
    0    -1
   -2    -2

r4_lp13_39=
    1    -2
   -3    -3
   -2     1
   -1     1
    0    -1
   -2    -2

r4_lp13_40=
    0     1
   -2    -3
   -3    -2
   -1     1
    0    -2

r4_lp13_41=
    1     3
   -2    -4
   -3    -2
   -2     1
    0    -1

r4_lp13_42=
    0     2
    1    -2
   -4    -3
   -2    -2
   -1     1
    0    -1

r4_lp13_43=
    0     3
   -2    -4
   -2    -2
    1     0

r4_lp13_44=
   -1     2
   -2    -4
   -3    -2
   -2     1
    0    -1

r4_lp13_45=
    1    -2
   -4    -1
    2    -1
    1     0
   -2    -2

r4_lp13_46=
    1    -2
   -4    -3
   -1     1
   -1     1
    0    -1
   -2    -2

r4_lp13_47=
    0     1
   -2    -4
   -2    -2
   -1     1
    0    -2

r4_lp13_48=
    1    -2
   -4    -3
   -1    -1
    1     0
   -2    -2

r4_lp13_49=
   -1     3
   -2    -3
   -2    -2
   -2     1
    1    -1

r4_lp13_50=
    0     3
   -2    -3
   -3    -2
   -2    -2
    1     1
    0    -1

r4_lp13_51=
    1    -2
   -3    -3
   -1     2
   -1     1
    1     0
   -2    -2

r4_lp13_52=
   -2    -3
   -3    -2
    2     1
    1     0
   -2    -2

r4_lp13_53=
    1    -2
   -3    -3
   -2     1
   -1     1
    1     0
   -2    -2

r4_lp13_54=
    1     3
   -2    -3
   -3    -2
   -2     1
    1    -1

r4_lp13_55=
    0     2
    1    -2
   -3    -3
   -2    -2
   -1     1
    1    -1

r4_lp13_56=
   -1     2
   -2    -3
   -3    -2
   -2     1
    1    -1

r4_lp13_57=
    1    -2
   -3    -3
   -1     1
   -1     1
    1    -1
   -2    -2

r4_lp13_58=
    1    -2
   -3    -3
   -2    -2
    1     1
   -1    -2

r4_lp13_59=
    0     1
   -2    -3
   -3    -2
   -2    -1
    1     1
   -1    -2

r4_lp13_60=
    1    -2
   -3    -3
   -1    -1
    1     1
   -2    -2

r4_lp13_61=
   -2    -3
   -4    -3
    2     3
    1     1
    0    -1
   -2    -2

r4_lp13_62=
    1    -2
   -3    -4
   -3     1
    2    -1
    1     1
    0    -1
   -2    -2

r4_lp13_63=
    1     3
   -2    -3
   -4    -2
   -2    -2
    1     1
    0    -1

r4_lp13_64=
    0     1
    1    -2
   -3    -4
   -3    -2
   -2    -1
    1     1
    0    -1

r4_lp13_65=
    0     2
   -2    -3
   -4    -3
   -2    -2
    1     1
    0    -1

r4_lp13_66=
    0     2
    1    -2
   -3    -4
   -2    -2
   -1     1
    1     0

r4_lp13_67=
   -1     2
   -2    -3
   -4    -2
   -2     1
    1     0

r4_lp13_68=
    1    -2
   -3    -4
   -1     1
   -1     1
    1     0
   -2    -2

r4_lp13_69=
    0     1
   -2    -3
   -4    -3
   -1    -2
   -1     1
    1     0
   -1    -2

r4_lp13_70=
    0    -2
   -3    -4
   -2     0
   -1     1
    1     0
   -2    -2

r4_lp13_71=
    1    -2
   -3    -4
   -2    -1
   -1     1
    1     0
   -2    -2

r4_lp13_72=
    0    -1
   -2    -3
   -4    -3
   -2     0
    1     1
    0    -2

r4_lp13_73=
    0    -2
   -3    -4
   -3    -1
   -1     1
    1     0
   -2    -2

r4_lp13_74=
    1    -2
   -3    -4
   -3    -2
   -1     1
    1     0
   -2    -2

r4_lp13_75=
    0    -3
   -4    -2
    1     3
    0     1
    0    -1
   -2    -2

r4_lp13_76=
    0    -3
   -4     0
    2     0
    1     0
   -2    -2

r4_lp13_77=
    0    -3
   -4    -1
    1     1
    0     1
    0    -2
   -2    -1

r4_lp13_78=
    0    -3
   -4    -3
    2     3
    0     1
    0    -1
   -2    -2

r4_lp13_79=
    0    -3
   -4    -3
    1     2
    0     1
    0    -1
   -2    -2

r4_lp13_80=
    0    -3
   -4    -3
    0     1
    1     0
    1     0
   -1    -2
   -2    -1

r4_lp13_81=
    0    -2
   -3     0
    3     0
    1    -1
   -2    -2

r4_lp13_82=
    0    -2
   -3    -3
    1     3
    0     1
    0    -1
   -2    -2

r4_lp13_83=
    0    -2
   -3    -3
    0     2
    0     1
    0    -1
   -2    -2

r4_lp13_84=
    0    -2
   -3    -3
   -1     1
    1     0
    1     0
   -1    -2
   -2    -1

r4_lp13_85=
    0    -2
   -4    -2
    1     3
    0     1
    0    -1
   -2    -2

r4_lp13_86=
    0    -2
   -4     0
    2     0
    1     0
   -2    -2

r4_lp13_87=
    0    -2
   -4    -1
    1     1
    0     1
    0    -2
   -2    -1

r4_lp13_88=
    0    -2
   -4    -3
    2     3
    0     1
    0    -1
   -2    -2

r4_lp13_89=
    0    -2
   -4    -3
    1     2
    0     1
    0    -1
   -2    -2

r4_lp13_90=
    0    -2
   -4    -3
    0     1
    1     0
    1     0
   -1    -2
   -2    -1

r4_lp13_91=
    0    -2
   -4    -3
   -1     0
    1     0
    1     0
   -1    -2
   -2    -1

r4_lp13_92=
    0    -2
   -4    -2
   -1     1
    0     1
    0    -2
   -2    -1

r4_lp13_93=
    0    -2
   -4    -3
   -2     1
    0     1
    0    -2
   -2    -1

r4_lp13_94=
    0    -2
   -3    -3
   -2     1
    3     0
    1     1
    0    -1
   -2    -2

r4_lp13_95=
    0    -2
   -3    -3
   -2     0
    2     0
    1     1
    0    -1
   -2    -2

r4_lp13_96=
    0    -2
   -3    -3
    2     3
    0     1
    1    -1
   -2    -2

r4_lp13_97=
    0    -2
   -3    -3
    1     2
    0     1
    1    -1
   -2    -2

r4_lp13_98=
    0    -2
   -3    -3
    0     1
    1     0
    1     1
   -1    -2
   -2    -1

r4_lp13_99=
    0    -2
   -3    -3
   -1     0
    1     0
    1     1
   -1    -2
   -2    -1

r4_lp13_100=
    0    -2
   -3    -3
   -2    -1
    1     0
    1     1
   -1    -2
   -2    -1

r4_lp13_101=
    0    -2
   -3    -3
   -2     1
    0     1
    1    -2
   -2    -1

r4_lp13_102=
    0    -2
   -3    -4
    1     3
    0     1
    1     0
   -2    -2

r4_lp13_103=
    0    -2
   -3    -4
   -1     1
    0     1
    1     0
   -2    -2

r4_lp13_104=
    0    -2
   -3    -4
   -3     3
    0     1
    1     0
   -1    -2

r4_lp13_105=
    0    -2
   -3    -4
   -3     2
    0     1
    1     0
   -1    -2

r4_lp13_106=
    0    -2
   -3    -4
   -2     1
    0     1
    1     0
   -2    -1

r4_lp13_107=
    0    -2
   -3    -4
   -3     1
    0     1
    1     0
   -2    -1

r4_lp13_108=
   -3     3
   -3    -1
   -2     2

r4_lp13_109=
    0    -3
   -3     2
    0     2
   -1    -2

r4_lp13_110=
   -2     2
    3    -3
   -3    -1
   -2    -2
    2     0

r4_lp13_111=
    1    -3
   -3     1
    2    -1
    2    -1
   -2    -2

r4_lp13_112=
    0    -3
   -3     1
    1     0
    2    -1
   -2    -1

r4_lp13_113=
    1     3
   -3    -3
   -2    -2
   -2     2
    1    -1

r4_lp13_114=
    1     3
   -3    -3
   -2    -2
    2     0

r4_lp13_115=
    0    -3
   -3     0
    1     0
    2    -1
   -2    -1

r4_lp13_116=
    0     3
   -3    -2
   -2    -2
    2    -1

r4_lp13_117=
   -1     2
   -3    -3
   -2    -2
    2     0

r4_lp13_118=
    0     1
   -3    -3
   -1    -2
   -1     2
   -1    -2

r4_lp13_119=
    0    -3
   -3    -1
    1     0
    2    -1
   -2    -1

r4_lp13_120=
    0    -3
   -3    -1
    0     0
    2    -1
   -2    -2

r4_lp13_121=
   -1     3
   -3    -2
   -2     2

r4_lp13_122=
    2    -3
   -3    -2
   -2     2
    1    -2

r4_lp13_123=
    1    -3
   -2     2
   -1     2
   -2    -2

r4_lp13_124=
    1    -3
   -3    -2
    1    -1
    2     1
   -2    -2

r4_lp13_125=
    0     1
   -3    -3
   -2    -2
   -1     2
    0    -2

r4_lp13_126=
    1    -3
   -3    -2
   -1    -1
    2    -1
   -2    -2

r4_lp13_127=
    0    -3
   -3    -2
    0     1
    0     2
    1    -2
   -2    -1

r4_lp13_128=
    0    -3
   -3    -2
    0     0
    2     0
   -2    -2

r4_lp13_129=
   -2     3
   -3    -4
   -1    -2
    2     0

r4_lp13_130=
    1    -3
   -4    -3
    2    -1
    2     0
   -1    -2

r4_lp13_131=
    0    -3
   -4    -2
    2     0
    2     0
   -1    -2

r4_lp13_132=
    2     3
   -3    -4
   -2    -2
    2     0

r4_lp13_133=
    1     2
   -3    -4
   -3    -2
   -2     2
    0    -1

r4_lp13_134=
    1    -3
   -4    -2
    1     2
   -1     2
    0    -1
   -2    -2

r4_lp13_135=
    1    -3
   -4    -3
    1    -1
    2     0
   -1    -2

r4_lp13_136=
    0    -3
   -4     1
    2     0
    2     0
   -2    -2

r4_lp13_137=
    0    -3
   -4    -2
    1     1
    0     2
    0    -1
   -2    -1

r4_lp13_138=
    0    -3
   -4    -3
    1     0
    2     0
   -1    -2

r4_lp13_139=
    0     1
   -3    -4
   -3    -2
   -1     2
    0    -1

r4_lp13_140=
    0     1
    1    -3
   -4    -2
   -2    -1
    2     0

r4_lp13_141=
    0     2
   -3    -4
   -2    -2
    2     0

r4_lp13_142=
    0    -3
   -4     0
    1     0
    2     0
   -2    -1

r4_lp13_143=
    0    -3
   -4     0
    1     0
    2     0
   -2    -2

r4_lp13_144=
    0    -3
   -4    -3
    0     0
    2     0
   -1    -2

r4_lp13_145=
    0     1
   -3    -4
   -1    -2
   -1     2
    0    -2

r4_lp13_146=
    1    -3
   -4    -3
   -1    -1
    2     0
   -1    -2

r4_lp13_147=
    0    -3
   -4    -1
    1     0
    2     0
   -2    -1

r4_lp13_148=
    0    -3
   -4    -1
    0     0
    2     0
   -2    -2

r4_lp13_149=
    0    -3
   -4    -3
   -1     0
    0     2
    0    -1
   -2    -1

r4_lp13_150=
    1    -3
   -4    -2
   -1     2
    0    -2

r4_lp13_151=
    1    -3
   -4    -3
   -1     2
    0    -2

r4_lp13_152=
    2    -3
   -3     3
   -1    -1
   -2    -2

r4_lp13_153=
    2    -4
   -2     3
   -1     0
   -2    -2

r4_lp13_154=
    2    -4
   -3     2
   -1     0
   -2    -2

r4_lp13_155=
    2    -3
   -3    -2
    3    -1
    0    -1
   -2    -2

r4_lp13_156=
   -1     3
    2    -3
   -4    -3
   -2    -2
   -1     0
    0    -1

r4_lp13_157=
    2    -3
   -4    -2
    2    -1
    0     0
   -2    -2

r4_lp13_158=
    1     2
   -3    -4
   -3    -2
   -1     0
    0    -2

r4_lp13_159=
   -2    -3
   -2     3
    2     0
   -1    -2
   -2    -1

r4_lp13_160=
   -1     3
    2    -2
   -3    -3
   -2    -2
   -1     0
    0    -1

r4_lp13_161=
    0     3
    2    -2
   -4    -3
   -2    -2
   -1     0
    0    -1

r4_lp13_162=
   -1     2
    2    -2
   -4    -3
   -2    -2
   -1     0
    0    -1

r4_lp13_163=
    1     2
   -2    -4
   -2    -2
   -1     0
    0    -2

r4_lp13_164=
    0     2
   -2    -4
   -3    -2
   -1     0
    0    -2

r4_lp13_165=
    1     3
    2    -3
   -3    -2
   -2    -1
    1    -1

r4_lp13_166=
    0     2
    2    -3
   -3    -2
   -2    -1
    1    -1

r4_lp13_167=
    1     2
   -3    -3
   -1    -2
   -1     1
   -1    -2

r4_lp13_168=
    0     2
   -3    -3
   -2    -2
   -1     1
   -1    -2

r4_lp13_169=
   -1     2
   -3    -3
   -2    -1
    1    -2

r4_lp13_170=
    2    -3
   -4    -3
    2     3
   -1     1
    0    -1
   -2    -2

r4_lp13_171=
    1     2
    2    -3
   -4    -3
   -2    -2
   -1     1
    0    -1

r4_lp13_172=
    0     1
    2    -3
   -4    -3
   -2    -2
   -1     1
    0    -1

r4_lp13_173=
    0     2
   -3    -4
   -3    -1
   -2    -1
    1     0
   -1    -2

r4_lp13_174=
   -1     2
   -3    -4
   -2    -2
   -1     1
    0    -2

r4_lp13_175=
    2    -3
   -4    -3
   -2    -1
    1     0
   -2    -2

r4_lp13_176=
    0    -3
   -3     2
    3     2
    0     1
   -1    -2
   -2    -1

r4_lp13_177=
    0    -3
   -3     1
    2     2
    0     1
   -1    -2
   -2    -1

r4_lp13_178=
    0    -3
   -3     0
    1     2
    0     1
   -1    -2
   -2    -1

r4_lp13_179=
    0    -3
   -3    -1
    0     2
    0     1
   -1    -2
   -2    -1

r4_lp13_180=
    0    -3
   -3    -2
   -1     2
    0     1
   -1    -2
   -2    -1

r4_lp13_181=
    0    -3
   -3    -2
    2     0
    1    -2
   -2    -1

r4_lp13_182=
    0    -3
   -4    -3
    3     2
    0     1
    0    -1
   -2    -1

r4_lp13_183=
    0    -3
   -4    -3
    2     2
    0     1
    0    -1
   -2    -1

r4_lp13_184=
    0    -3
   -4    -3
    1     2
    0     1
    0    -1
   -2    -1

r4_lp13_185=
    0    -3
   -4    -3
    0     2
    0     1
    0    -1
   -2    -1

r4_lp13_186=
    0    -3
   -4    -3
   -1     2
    0     1
    0    -1
   -2    -1

r4_lp13_187=
    0    -3
   -4    -2
    2     0
    1     0
   -2    -1

r4_lp13_188=
    0    -3
   -4    -3
    2     0
    1     0
   -2    -1

r4_lp13_189=
    0     2
   -2    -3
   -2    -1
    1    -2

r4_lp13_190=
   -1     2
   -2    -3
   -3    -2
   -1     1
   -1    -2

r4_lp13_191=
   -2    -3
   -3    -2
    2     1
    0    -2
   -2    -1

r4_lp13_192=
   -2    -4
   -3     3
    2     1
    0    -1
   -2    -1

r4_lp13_193=
   -2    -4
   -3     2
    2     1
    0    -1
   -2    -1

r4_lp13_194=
    1     2
   -2    -4
   -3    -2
   -1     1
    0    -1

r4_lp13_195=
    1     3
    2    -2
   -4    -2
   -2    -1
    1     0

r4_lp13_196=
    0     2
   -2    -4
   -3    -2
   -1     1
    0    -1

r4_lp13_197=
    0     1
    2    -2
   -4    -2
   -2    -1
    1     0

r4_lp13_198=
   -1     2
   -2    -4
   -3    -2
   -1     1
    0    -1

r4_lp13_199=
    0     2
   -2    -4
   -1    -2
   -1     1
    0    -2

r4_lp13_200=
   -2    -4
   -2     2
    1     0
   -2    -1

r4_lp13_201=
   -2    -4
   -3     2
    1     0
   -2    -1

r4_lp13_202=
   -2    -3
   -3     3
    2     1
    1    -1
   -2    -1

r4_lp13_203=
   -2    -3
   -3     2
    2     1
    1    -1
   -2    -1

r4_lp13_204=
    1     2
   -2    -3
   -3    -2
   -1     1
    1    -1

r4_lp13_205=
   -2    -3
   -3     2
    1     1
   -2    -1

r4_lp13_206=
   -1     2
   -2    -3
   -4    -2
   -1     1
    1     0

r4_lp13_207=
    0     2
    2    -3
   -2    -2
   -2    -1
    2    -1

r4_lp13_208=
    0     2
   -3    -2
   -2    -1
    2    -2

r4_lp13_209=
    2    -3
   -3    -2
    2     3
   -1     2
    1    -1
   -2    -2

r4_lp13_210=
    1     2
    2    -3
   -3    -2
   -2    -2
   -1     2
    1    -1

r4_lp13_211=
   -1     2
   -3    -3
   -2    -2
   -1     2
    1    -2

r4_lp13_212=
   -1     2
    3     2
   -3    -3
   -1    -2
   -2    -1
    2     0

r4_lp13_213=
    2    -3
   -3    -2
    3    -1
    2     0
   -1    -2

r4_lp13_214=
    2    -3
   -3    -2
    2    -1
    2     0
   -1    -2

r4_lp13_215=
    1     2
    2    -3
   -3    -2
   -2    -1
    2     0

r4_lp13_216=
    2    -3
   -3    -2
   -1     2
    0    -2

r4_lp13_217=
   -1     3
    2    -3
   -4    -1
   -2    -1
    2     0

r4_lp13_218=
    2    -3
   -4     2
   -1     2
    0    -2

r4_lp13_219=
    1     2
   -3    -4
   -2    -1
    2     0

r4_lp13_220=
   -1    -3
   -3     2
    3     2
    1     0
   -1    -2
   -2    -1

r4_lp13_221=
   -1    -3
   -3     1
    3     1
    0    -1
   -2    -2

r4_lp13_222=
   -1    -4
    1     3
    2     1
    0    -2
   -2    -1

r4_lp13_223=
   -1    -4
   -2     1
    3     1
    0    -1
   -2    -2

r4_lp13_224=
    0     2
   -1    -4
   -1    -2
   -1     1
    0    -2

r4_lp13_225=
   -1    -4
   -3     3
    2     1
    0    -1
   -2    -1

r4_lp13_226=
   -1    -4
   -3     2
    2     1
    0    -1
   -2    -1

r4_lp13_227=
   -1    -4
   -3     2
    3     1
    0    -1
   -2    -2

r4_lp13_228=
   -1    -4
   -3     1
    2     1
    0    -1
   -2    -1

r4_lp13_229=
   -1    -4
   -3     1
    2     1
    0    -1
   -2    -2

r4_lp13_230=
    0     2
   -1    -4
   -3    -2
   -1     1
    0    -1

r4_lp13_231=
   -1    -4
   -3    -1
    2     1
    0    -1
   -2    -1

r4_lp13_232=
   -1    -4
   -2     2
    1     0
   -2    -1

r4_lp13_233=
   -1    -4
   -3     2
    1     0
   -2    -1

r4_lp13_234=
   -1    -2
   -3    -1
    2     1
    1    -2
   -2    -1

r4_lp13_235=
   -1    -2
   -3     2
    3     2
    1     1
   -1    -2
   -2    -1

r4_lp13_236=
   -1    -2
   -3     1
    2     2
    1     1
   -1    -2
   -2    -1

r4_lp13_237=
    0     1
    2    -1
   -2    -3
   -2    -2
   -1     1
    1    -1

r4_lp13_238=
   -1    -2
   -3    -3
    3     2
    1     1
    0    -1
   -2    -1

r4_lp13_239=
   -1    -2
   -3    -3
    2     2
    1     1
    0    -1
   -2    -1

r4_lp13_240=
   -1    -2
   -3    -3
    2     3
    1     1
    0    -1
   -2    -2

r4_lp13_241=
   -1    -2
   -3    -3
    1     2
    1     1
    0    -1
   -2    -1

r4_lp13_242=
    0     2
   -1    -2
   -3    -3
   -2    -1
    1     1
    0    -1

r4_lp13_243=
   -1    -2
   -3    -3
   -1     2
    1     1
    0    -1
   -2    -1

r4_lp13_244=
   -1    -2
   -3    -3
   -2     2
    1     1
    0    -1
   -2    -1

r4_lp13_245=
   -1    -2
   -3    -3
    2     1
    1     0
   -2    -1

r4_lp13_246=
   -1    -2
   -4     1
    3     1
    1     0
   -2    -2

r4_lp13_247=
   -1    -2
   -4    -3
    3     1
    1     0
   -1    -2

r4_lp13_248=
   -1    -3
   -1     1
    2     1
    1    -2
   -2    -1

r4_lp13_249=
   -1    -3
   -3     3
    1     1
   -1    -2

r4_lp13_250=
   -1    -3
   -2    -1
    2     1
    2    -2
   -2    -1

r4_lp13_251=
    0     2
   -1    -3
   -3    -1
   -2    -1
    1     2
    1    -2

r4_lp13_252=
   -1    -3
   -3    -2
    3     2
    1     2
    1    -1
   -2    -1

r4_lp13_253=
   -1    -3
   -3    -2
    2     2
    1     2
    1    -1
   -2    -1

r4_lp13_254=
   -1    -3
   -3    -2
    1     2
    1     2
    1    -1
   -2    -1

r4_lp13_255=
   -1    -3
   -3    -2
    2     1
    2     1
   -2    -1

r4_lp13_256=
   -1    -3
   -3    -1
    3     2
    1     2
    0    -1
   -2    -1

r4_lp13_257=
   -1    -3
   -3    -1
    2     2
    1     2
    0    -1
   -2    -1

r4_lp13_258=
   -1    -3
   -3     1
    2     1
    2     0
   -2    -1

r4_lp13_259=
   -1    -3
   -3    -2
    3     1
    2     0
   -1    -2

r4_lp13_260=
    0     2
   -1    -3
   -3    -2
   -1     1
    2     0

r4_lp13_261=
   -1    -3
   -4     3
    2     1
    2     0
   -2    -1

r4_lp13_262=
   -1    -3
   -4    -1
    3     1
    2     0
   -1    -2

r4_lp13_263=
    0    -1
   -3    -4
   -1     0
    0     1
    2     0
   -2    -1

r4_lp13_264=
    0    -1
   -3    -4
   -1     0
   -1     1
    2     0
   -2    -2

r4_lp13_265=
   -1    -3
   -4    -3
    1     1
    2     0
   -1    -2

r4_lp13_266=
    0    -1
   -3    -4
   -3     0
   -1     1
    2     0
   -1    -2

r4_lp13_267=
    0    -1
   -3    -4
   -3    -1
   -1     1
    2     0
   -1    -2

r4_lp13_268=
    0    -1
   -3    -4
   -3    -1
    0     1
    2     0
   -1    -2

r4_lp13_269=
    0    -1
   -3    -4
   -3    -1
   -2     1
    2     0
   -1    -2

r4_lp13_270=
    0    -1
   -3    -4
   -2    -1
    1     2
    0    -2

r4_lp13_271=
    0    -1
   -3    -4
   -3    -1
    1     2
    0    -2

r4_lp13_272=
    1    -3
   -3     2
    0     1
   -2    -1

r4_lp13_273=
    1    -2
   -3    -3
    2     0
    1     0
   -2    -1

r4_lp13_274=
    1    -3
   -2     2
    0     2
   -2    -1

r4_lp13_275=
    1    -3
   -2    -1
    1     0
    2    -2
   -2    -1

r4_lp13_276=
    1    -3
   -2     0
    0     2
   -2    -2

r4_lp13_277=
    1    -3
   -3    -2
    1     0
    2     1
   -2    -1

r4_lp13_278=
    1    -3
   -3     1
    0     2
    0    -2

r4_lp13_279=
   -1     3
    3    -4
   -3    -2
   -2    -1
    0    -1

r4_lp13_280=
    2     3
   -4    -2
   -2    -1
    0    -2

r4_lp13_281=
    1     3
   -4    -3
   -2    -1
    0    -2

r4_lp13_282=
   -1     3
    3    -3
   -3    -2
   -2    -1
    0    -1

r4_lp13_283=
    0     3
    3    -3
   -4    -3
   -2    -2
   -1     0
    0    -1

r4_lp13_284=
   -1     2
    3    -3
   -4    -3
   -2    -2
   -1     0
    0    -1

r4_lp13_285=
    1     3
   -3    -4
   -2    -2
   -1     0
    0    -2

r4_lp13_286=
    0     3
   -3    -4
   -3    -2
   -1     0
    0    -2

r4_lp13_287=
   -1     3
    3    -2
   -3    -2
   -2    -1
    0    -1

r4_lp13_288=
    0     3
    3    -2
   -3    -3
   -2    -2
   -1     0
    0    -1

r4_lp13_289=
    1     3
    3    -2
   -4    -3
   -2    -2
   -1     0
    0    -1

r4_lp13_290=
    0     2
    3    -2
   -4    -3
   -2    -2
   -1     0
    0    -1

r4_lp13_291=
    1     3
   -2    -4
   -3    -1
   -2    -1
    0     0
   -1    -2

r4_lp13_292=
    0     3
   -2    -4
   -2    -2
   -1     0
    0    -2

r4_lp13_293=
   -1     3
   -2    -4
   -3    -2
   -1     0
    0    -2

r4_lp13_294=
   -1    -3
   -1     3
    3     0
   -1    -2
   -2    -1

r4_lp13_295=
    0     3
    3    -1
   -2    -3
   -2    -2
   -1     0
    0    -1

r4_lp13_296=
   -1    -3
   -3     1
    3     3
    0     0
   -1    -2
   -2    -1

r4_lp13_297=
   -3    -3
    3     3
    1    -1
   -2    -1

r4_lp13_298=
    2     3
   -3    -3
   -2    -1
    1    -1

r4_lp13_299=
   -1     3
   -3    -3
   -2    -1
    1    -1

r4_lp13_300=
   -2     3
   -3    -3
   -2    -1
    1    -1

r4_lp13_301=
   -1     3
   -3    -3
   -2    -2
   -1     1
    0    -2

r4_lp13_302=
    0     3
   -3    -2
   -2    -1
    1    -2

r4_lp13_303=
   -3    -3
    3     1
   -2    -1

r4_lp13_304=
   -1     3
   -2    -3
   -2    -1
    1    -2

r4_lp13_305=
   -2    -3
    2     3
    3     1
   -1    -2
   -2    -1

r4_lp13_306=
    1     2
    3    -2
   -3    -2
   -2    -1
    1    -1

r4_lp13_307=
   -1     3
   -2    -3
   -2    -2
   -1     1
   -1    -2

r4_lp13_308=
   -2    -3
   -3    -2
    3     1
   -1    -2
   -2    -1

r4_lp13_309=
   -2    -3
   -3     3
    3     1
    0    -1
   -2    -1

r4_lp13_310=
   -2    -3
   -3     2
    3     1
    0    -1
   -2    -1

r4_lp13_311=
    1     3
   -2    -3
   -3    -2
   -1     1
    0    -1

r4_lp13_312=
    0     3
   -2    -3
   -3    -2
   -1     1
    0    -1

r4_lp13_313=
   -1     3
   -2    -3
   -3    -2
   -1     1
    0    -1

r4_lp13_314=
   -2    -3
   -3    -2
    3     1
    0    -1
   -2    -1

r4_lp13_315=
   -2    -3
   -3     3
    1     0
   -2    -1

r4_lp13_316=
   -1     3
   -2    -3
   -2    -2
   -1     1
    1    -2

r4_lp13_317=
   -2    -3
   -3    -2
    3     1
    1     0
   -2    -1

r4_lp13_318=
    1    -3
   -2    -1
    3     0
    1    -2
   -2    -1

r4_lp13_319=
    1    -3
   -3    -2
    3     0
    1     0
   -2    -1

r4_lp13_320=
    1    -2
   -3    -2
    3     0
    1    -2
   -2    -1

r4_lp13_321=
    1    -2
   -3    -2
    3     0
    1    -1
   -2    -1

r4_lp13_322=
    1    -2
   -3    -3
    3     0
    1    -1
   -2    -1

r4_lp13_323=
    1    -2
   -3    -2
    3     0
    1     1
   -2    -1

r4_lp13_324=
   -1    -2
   -3     3
    1     1
   -2    -1

r4_lp13_325=
    2    -3
   -3    -2
   -1     1
    0    -3

r4_lp13_326=
    0    -3
   -2     2
    0     1
   -3    -1

r4_lp13_327=
    0    -1
   -4    -3
   -2    -2
    1     0
   -2    -3

r4_lp13_328=
    1    -3
   -2     0
    1     0
    1    -3
   -2    -1

r4_lp13_329=
    1    -3
   -3    -2
    0     0
    1     0
   -3    -2

r4_lp13_330=
    1    -2
   -3    -2
    0     0
    1    -2
   -3    -2

r4_lp13_331=
    1    -2
   -3    -2
    0     0
    1     0
   -3    -2

r4_lp13_332=
   -2     3
   -4    -3
   -3    -1
    0    -2

r4_lp13_333=
   -2     3
   -3    -4
   -3    -1
    0     0

r4_lp13_334=
    1    -3
   -4    -3
   -2    -2
    1     0
   -2    -3

r4_lp13_335=
    0    -3
   -4    -2
    1    -1
    1     0
   -3    -2

r4_lp13_336=
    1    -2
   -3    -2
    1    -1
    1     1
   -3    -2

r4_lp13_337=
    1    -3
   -2     1
   -1     2
   -3    -2

r4_lp13_338=
    0    -3
   -2     1
    1     0
    1    -3
   -2    -1

r4_lp13_339=
    0    -3
   -3    -2
    1     0
    1     0
   -3    -2

r4_lp13_340=
    0    -3
   -2     1
    0     2
   -3    -2

r4_lp13_341=
    1     2
   -3    -2
   -2    -1
    1    -3

r4_lp13_342=
    1     3
   -4    -2
   -2    -1
    0    -3

r4_lp13_343=
   -2    -3
   -2     2
    1    -2
   -3    -2

r4_lp13_344=
    2    -3
   -2    -2
    2    -3

r4_lp13_345=
    2    -4
   -2     2
   -1     0
   -3    -2

r4_lp13_346=
    2     3
   -3    -2
   -2    -1
    0    -3

r4_lp13_347=
   -1    -2
    3     2
    1    -3
   -2    -1

r4_lp13_348=
   -1    -2
   -2     3
    1    -2
   -3    -2

r4_lp13_349=
    0    -1
   -3    -4
   -3    -1
   -2     0
    1     0
   -2    -3

r4_lp13_350=
   -1     2
   -3    -2
   -3    -1
    1    -3

r4_lp13_351=
   -1     2
   -3    -2
   -3    -1
    2    -1

r4_lp13_352=
    1    -2
   -3    -2
   -1     1
   -1     1
    1    -2
   -3    -2

r4_lp13_353=
    1    -2
   -3    -3
   -1     1
   -1     1
    1     0
   -3    -2

r4_lp13_354=
    0    -3
   -1     1
    2     0
    1    -3
   -2    -1

r4_lp13_355=
   -1     2
   -2    -3
   -3    -2
    1    -2

r4_lp13_356=
   -1    -2
   -1     3
    1    -3
   -3    -2

r4_lp13_357=
    1    -2
   -3     0
    0     1
   -2    -3

r4_lp13_358=
    1    -2
   -4     0
    0     1
    0    -3

r4_lp13_359=
    3    -4
    3     0
    0    -2

r4_lp13_360=
    3    -4
   -1     3
    0     0
   -1    -1

r4_lp13_361=
    3    -3
   -4     0
    3     0
    1     0
   -1    -1

r4_lp13_362=
    3    -3
   -4    -1
    2     0
    1     0
   -1    -1

r4_lp13_363=
    3    -3
   -4    -2
    1     0
    1     0
   -1    -1

r4_lp13_364=
    3    -3
   -4    -3
    0     0
    1     0
   -1    -1

r4_lp13_365=
    3    -2
   -3    -4
    1     3
    0     1
    1     0
   -1    -1

r4_lp13_366=
    3    -2
   -3    -4
   -1     1
    0     1
    1     0
   -1    -1

r4_lp13_367=
    3    -2
   -3    -4
   -2     0
    0     1
    1     0
   -1    -1

r4_lp13_368=
    3    -2
   -3    -4
   -3    -1
    0     1
    1     0
   -1    -1

r4_lp13_369=
    2    -4
    0     3
    3     1
    0    -1
   -1     0

r4_lp13_370=
    1    -4
    1     3
    3     2
    1     0
   -1    -1
    0     1

r4_lp13_371=
    4    -4
    0     3
    0     0
   -1    -1

r4_lp13_372=
    4    -3
   -2     0
    1    -2

r4_lp13_373=
    4    -3
   -3     0
    0     1
   -1    -1

r4_lp13_374=
    4    -3
   -4     1
    3     0
    1     0
   -1    -1

r4_lp13_375=
    4    -3
   -4     0
    2     0
    1     0
   -1    -1

r4_lp13_376=
    4    -3
   -4    -1
    1     0
    1     0
   -1    -1

r4_lp13_377=
    4    -3
   -4    -2
    0     0
    1     0
   -1    -1

r4_lp13_378=
    4    -3
   -4    -3
   -1     0
    1     0
   -1    -1

r4_lp13_379=
    4    -2
   -4     1
    3     0
    1     0
   -1    -1

r4_lp13_380=
    4    -2
   -3    -3
   -1     0
    1     1
   -1    -1

r4_lp13_381=
    4    -2
   -3    -4
    2     3
    0     1
    1     0
   -1    -1

r4_lp13_382=
    4    -2
   -3    -4
    1     2
    0     1
    1     0
   -1    -1

r4_lp13_383=
    4    -2
   -3    -4
    0     1
    0     1
    1     0
   -1    -1

r4_lp13_384=
    4    -2
   -3    -4
   -1     0
    0     1
    1     0
   -1    -1

r4_lp13_385=
    4    -2
   -3    -4
   -2    -1
    0     1
    1     0
   -1    -1

r4_lp13_386=
    4    -2
   -3    -4
   -3    -2
    0     1
    1     0
   -1    -1
