r4_lp46_1=
    0    -2
   -3    -4
   -3    -2
    0     2
    3     4
    3     3
    3     2
    0    -2
   -3    -4
   -3    -2
    0     2

r4_lp46_2=
    1    -1
   -3    -4
   -3    -2
    0     2
    3     4
    3     3
    3     2
    0    -2
   -3    -4
   -3    -2
    0     2

r4_lp46_3=
    1    -2
   -4    -3
   -2     0
    2     3
    4     3
    3     3
    0    -2
   -3    -4
   -3    -2
    0     2

r4_lp46_4=
    1    -2
   -3    -3
   -2     0
    2     3
    4     3
    3     3
    2    -2
   -3    -4
   -3    -2
    0     2

r4_lp46_5=
    1    -2
   -3    -4
   -2     0
    2     3
    4     3
    3     3
    2     0
   -3    -4
   -3    -2
    0     2

r4_lp46_6=
    1    -2
   -3    -4
   -3     0
    2     3
    4     3
    3     3
    2     0
   -2    -4
   -3    -2
    0     2

r4_lp46_7=
    1    -2
   -3    -4
   -3    -2
    2     3
    4     3
    3     3
    2     0
   -2    -3
   -3    -2
    0     2

r4_lp46_8=
    1    -2
   -3    -4
   -3    -2
    0     3
    4     3
    3     3
    2     0
   -2    -3
   -4    -2
    0     2

r4_lp46_9=
    1    -2
   -3    -4
   -3    -2
    0     2
    4     3
    3     3
    2     0
   -2    -3
   -4    -3
    0     2

r4_lp46_10=
    1    -2
   -3    -4
   -3    -2
    0     2
    3     3
    3     3
    2     0
   -2    -3
   -4    -3
   -2     2

r4_lp46_11=
    1    -2
   -3    -4
   -3    -2
    0     2
    3     4
    3     3
    2     0
   -2    -3
   -4    -3
   -2     0

r4_lp46_12=
    2    -2
   -4    -2
    0     2
    3     4
    3     3
    3     0
   -3    -4
   -3    -2
    0     2

r4_lp46_13=
    2    -2
   -4    -3
    0     2
    3     4
    3     3
    3     0
   -2    -4
   -3    -2
    0     2

r4_lp46_14=
    2    -2
   -4    -3
   -2     2
    3     4
    3     3
    3     0
   -2    -3
   -3    -2
    0     2

r4_lp46_15=
    2    -2
   -4    -3
   -2     0
    3     4
    3     3
    3     0
   -2    -3
   -4    -2
    0     2

r4_lp46_16=
    2    -2
   -4    -3
   -2     0
    2     4
    3     3
    3     0
   -2    -3
   -4    -3
    0     2

r4_lp46_17=
    2    -2
   -4    -3
   -2     0
    2     3
    3     3
    3     0
   -2    -3
   -4    -3
   -2     2

r4_lp46_18=
    2    -2
   -4    -3
   -2     0
    2     3
    4     3
    3     0
   -2    -3
   -4    -3
   -2     0

r4_lp46_19=
    2    -2
   -3    -3
   -2     2
    3     4
    3     3
    3     2
   -2    -3
   -3    -2
    0     2

r4_lp46_20=
    2    -2
   -3    -3
   -2     0
    3     4
    3     3
    3     2
   -2    -3
   -4    -2
    0     2

r4_lp46_21=
    2    -2
   -3    -4
    0     2
    3     4
    3     3
    3     2
    0    -4
   -3    -2
    0     2

r4_lp46_22=
    2    -2
   -3    -4
   -2     0
    3     4
    3     3
    3     2
    0    -3
   -4    -2
    0     2

r4_lp46_23=
    2    -2
   -3    -4
   -2     0
    2     4
    3     3
    3     2
    0    -3
   -4    -3
    0     2

r4_lp46_24=
    2    -2
   -3    -4
   -3     0
    3     4
    3     3
    3     2
    0    -2
   -4    -2
    0     2

r4_lp46_25=
    0    -4
   -2     0
    2     3
    4     3
    2     4
    0    -3
   -4    -3
   -2     0
    2     3

r4_lp46_26=
    0    -4
   -3     0
    2     3
    4     3
    2     4
    0    -2
   -4    -3
   -2     0
    2     3

r4_lp46_27=
    0    -4
   -3    -2
    0     3
    4     3
    2     4
    0    -2
   -3    -4
   -2     0
    2     3

r4_lp46_28=
    0    -3
   -4    -2
    0     3
    4     3
    2     4
    2     0
   -3    -4
   -2     0
    2     3

r4_lp46_29=
    0    -3
   -4    -2
    0     2
    4     3
    2     4
    2     0
   -3    -4
   -3     0
    2     3

r4_lp46_30=
    0    -3
   -4    -2
    0     2
    3     4
    3     4
    2     0
   -3    -4
   -3    -2
    0     2

r4_lp46_31=
    0    -3
   -4    -3
    0     3
    4     3
    2     4
    2     0
   -2    -4
   -2     0
    2     3
