r4_lp44_1=
    2    -1
   -2    -3
   -4    -3
   -2     0
    2     3
    4     2
    3     3
    2     0
   -2    -3
   -4    -3
   -2     0

r4_lp44_2=
    3    -2
   -3    -4
   -3    -2
    0     2
    3     4
    2     3
    2     0
   -2    -3
   -4    -3
   -2     0

r4_lp44_3=
    3    -1
   -3    -4
   -3    -2
    0     2
    3     4
    2     3
    2     0
   -2    -3
   -4    -3
   -2     0

r4_lp44_4=
    3    -1
   -2    -4
   -3    -2
    0     2
    3     4
    2     3
    3     0
   -2    -3
   -4    -3
   -2     0

r4_lp44_5=
    3    -1
   -2    -3
   -3    -2
    0     2
    3     4
    2     3
    3     2
   -2    -3
   -4    -3
   -2     0

r4_lp44_6=
    3    -1
   -2    -3
   -4    -2
    0     2
    3     4
    2     3
    3     2
    0    -3
   -4    -3
   -2     0

r4_lp44_7=
    3    -1
   -2    -3
   -4    -3
    0     2
    3     4
    2     3
    3     2
    0    -2
   -4    -3
   -2     0

r4_lp44_8=
    3    -1
   -2    -3
   -4    -3
   -2     2
    3     4
    2     3
    3     2
    0    -2
   -3    -3
   -2     0

r4_lp44_9=
    3    -1
   -2    -3
   -4    -3
   -2     0
    3     4
    2     3
    3     2
    0    -2
   -3    -4
   -2     0

r4_lp44_10=
    3    -1
   -2    -3
   -4    -3
   -2     0
    2     4
    2     3
    3     2
    0    -2
   -3    -4
   -3     0

r4_lp44_11=
    3    -1
   -2    -3
   -4    -3
   -2     0
    2     3
    2     3
    3     2
    0    -2
   -3    -4
   -3    -2

r4_lp44_12=
    0    -3
   -4    -3
   -2     0
    2     3
    4     3
    3     2
    0    -2
   -3    -4
   -3    -2
    0     2

r4_lp44_13=
    0    -1
   -4    -3
   -2     0
    2     3
    4     3
    3     3
    0    -2
   -3    -4
   -3    -2
    0     2

r4_lp44_14=
    0    -1
   -3    -3
   -2     0
    2     3
    4     3
    3     3
    2    -2
   -3    -4
   -3    -2
    0     2

r4_lp44_15=
    0    -1
   -3    -4
   -2     0
    2     3
    4     3
    3     3
    2     0
   -3    -4
   -3    -2
    0     2

r4_lp44_16=
    0    -1
   -3    -4
   -3     0
    2     3
    4     3
    3     3
    2     0
   -2    -4
   -3    -2
    0     2

r4_lp44_17=
    0    -1
   -3    -4
   -3    -2
    2     3
    4     3
    3     3
    2     0
   -2    -3
   -3    -2
    0     2

r4_lp44_18=
    0    -1
   -3    -4
   -3    -2
    0     3
    4     3
    3     3
    2     0
   -2    -3
   -4    -2
    0     2

r4_lp44_19=
    0    -1
   -3    -4
   -3    -2
    0     2
    4     3
    3     3
    2     0
   -2    -3
   -4    -3
    0     2

r4_lp44_20=
    0    -1
   -3    -4
   -3    -2
    0     2
    3     3
    3     3
    2     0
   -2    -3
   -4    -3
   -2     2

r4_lp44_21=
    0    -1
   -3    -4
   -3    -2
    0     2
    3     4
    2     3
    3     2
    0    -2
   -3    -4
   -3    -2
    0     2

r4_lp44_22=
    0    -2
   -3    -3
   -2     0
    2     3
    4     3
    3     3
    1    -2
   -3    -4
   -3    -2
    0     2

r4_lp44_23=
    0    -2
   -4    -2
    0     2
    3     4
    3     3
    3     0
   -3    -4
   -3    -2
    0     2

r4_lp44_24=
    0    -2
   -4    -3
    0     2
    3     4
    3     3
    3     0
   -2    -4
   -3    -2
    0     2

r4_lp44_25=
    0    -2
   -4    -3
   -2     2
    3     4
    3     3
    3     0
   -2    -3
   -3    -2
    0     2

r4_lp44_26=
    0    -2
   -4    -3
   -2     0
    3     4
    3     3
    3     0
   -2    -3
   -4    -2
    0     2

r4_lp44_27=
    0    -2
   -4    -3
   -2     0
    2     4
    3     3
    3     0
   -2    -3
   -4    -3
    0     2

r4_lp44_28=
    0    -2
   -4    -3
   -2     0
    2     3
    3     3
    3     0
   -2    -3
   -4    -3
   -2     2

r4_lp44_29=
    0    -2
   -4    -3
   -2     0
    2     3
    4     2
    3     3
    0    -2
   -3    -4
   -3    -2
    0     2

r4_lp44_30=
    0    -2
   -3    -3
   -2     0
    2     3
    4     3
    3     3
    2    -1
   -3    -4
   -3    -2
    0     2

r4_lp44_31=
    0    -2
   -3    -3
    0     2
    3     4
    3     3
    3     2
   -2    -4
   -3    -2
    0     2

r4_lp44_32=
    0    -2
   -3    -3
   -2     2
    3     4
    3     3
    3     2
   -2    -3
   -3    -2
    0     2

r4_lp44_33=
    0    -2
   -3    -3
   -2     0
    3     4
    3     3
    3     2
   -2    -3
   -4    -2
    0     2

r4_lp44_34=
    0    -2
   -3    -3
   -2     0
    2     4
    3     3
    3     2
   -2    -3
   -4    -3
    0     2

r4_lp44_35=
    0    -2
   -3    -3
   -2     0
    2     3
    3     3
    3     2
   -2    -3
   -4    -3
   -2     2

r4_lp44_36=
    0    -2
   -3    -3
   -2     0
    2     3
    4     2
    3     3
    2    -2
   -3    -4
   -3    -2
    0     2

r4_lp44_37=
    0    -2
   -3    -4
    0     2
    3     4
    3     3
    3     2
    0    -4
   -3    -2
    0     2

r4_lp44_38=
    0    -2
   -3    -4
   -2     2
    3     4
    3     3
    3     2
    0    -3
   -3    -2
    0     2

r4_lp44_39=
    0    -2
   -3    -4
   -2     0
    3     4
    3     3
    3     2
    0    -3
   -4    -2
    0     2

r4_lp44_40=
    0    -2
   -3    -4
   -2     0
    2     4
    3     3
    3     2
    0    -3
   -4    -3
    0     2

r4_lp44_41=
    0    -2
   -3    -4
   -2     0
    2     3
    3     3
    3     2
    0    -3
   -4    -3
   -2     2

r4_lp44_42=
    0    -2
   -3    -4
   -2     0
    2     3
    4     2
    3     3
    2     0
   -3    -4
   -3    -2
    0     2

r4_lp44_43=
    0    -2
   -3    -4
   -3    -1
    2     3
    4     3
    3     3
    2     0
   -2    -3
   -3    -2
    0     2

r4_lp44_44=
    0    -2
   -3    -4
   -3     0
    3     4
    3     3
    3     2
    0    -2
   -4    -2
    0     2

r4_lp44_45=
    0    -2
   -3    -4
   -3     0
    2     4
    3     3
    3     2
    0    -2
   -4    -3
    0     2

r4_lp44_46=
    0    -2
   -3    -4
   -3     0
    2     3
    3     3
    3     2
    0    -2
   -4    -3
   -2     2

r4_lp44_47=
    0    -2
   -3    -4
   -3     0
    2     3
    4     2
    3     3
    2     0
   -2    -4
   -3    -2
    0     2

r4_lp44_48=
    0    -2
   -3    -4
   -3    -2
    1     3
    4     3
    3     3
    2     0
   -2    -3
   -3    -2
    0     2

r4_lp44_49=
    0    -2
   -3    -4
   -3    -2
    2     4
    3     3
    3     2
    0    -2
   -3    -3
    0     2

r4_lp44_50=
    0    -2
   -3    -4
   -3    -2
    2     3
    3     3
    3     2
    0    -2
   -3    -3
   -2     2

r4_lp44_51=
    0    -2
   -3    -4
   -3    -2
    2     3
    4     2
    3     3
    2     0
   -2    -3
   -3    -2
    0     2

r4_lp44_52=
    0    -2
   -3    -4
   -3    -2
    0     4
    3     3
    3     2
    0    -2
   -3    -4
    0     2

r4_lp44_53=
    0    -2
   -3    -4
   -3    -2
    0     3
    3     3
    3     2
    0    -2
   -3    -4
   -2     2

r4_lp44_54=
    0    -2
   -3    -4
   -3    -2
    0     3
    4     2
    3     3
    2     0
   -2    -3
   -4    -2
    0     2

r4_lp44_55=
    0    -2
   -3    -4
   -3    -2
    0     2
    3     3
    3     3
    2     0
   -2    -3
   -4    -3
   -1     2

r4_lp44_56=
    0    -2
   -3    -4
   -3    -2
    0     2
    4     2
    3     3
    2     0
   -2    -3
   -4    -3
    0     2

r4_lp44_57=
    0    -2
   -3    -4
   -3    -2
    0     2
    3     3
    2     3
    3     2
    0    -2
   -3    -4
   -3    -2
    1     2

r4_lp44_58=
    0    -2
   -3    -4
   -3    -2
    0     2
    3     4
    3     3
    3     2
    0    -2
   -3    -4
   -3    -2
    0     1

r4_lp44_59=
    1    -1
   -3    -3
   -2     0
    2     3
    4     3
    3     3
    1    -2
   -3    -4
   -3    -2
    0     2

r4_lp44_60=
    1    -1
   -4    -2
    0     2
    3     4
    3     3
    3     0
   -3    -4
   -3    -2
    0     2

r4_lp44_61=
    1    -1
   -4    -3
    0     2
    3     4
    3     3
    3     0
   -2    -4
   -3    -2
    0     2

r4_lp44_62=
    1    -1
   -4    -3
   -2     2
    3     4
    3     3
    3     0
   -2    -3
   -3    -2
    0     2

r4_lp44_63=
    1    -1
   -4    -3
   -2     0
    3     4
    3     3
    3     0
   -2    -3
   -4    -2
    0     2

r4_lp44_64=
    1    -1
   -4    -3
   -2     0
    2     4
    3     3
    3     0
   -2    -3
   -4    -3
    0     2

r4_lp44_65=
    1    -1
   -4    -3
   -2     0
    2     3
    3     3
    3     0
   -2    -3
   -4    -3
   -2     2

r4_lp44_66=
    1    -1
   -4    -3
   -2     0
    2     3
    4     3
    3     0
   -2    -3
   -4    -3
   -2     0

r4_lp44_67=
    1    -1
   -3    -3
   -2     0
    2     3
    4     3
    3     3
    2    -1
   -3    -4
   -3    -2
    0     2

r4_lp44_68=
    1    -1
   -3    -3
    0     2
    3     4
    3     3
    3     2
   -2    -4
   -3    -2
    0     2

r4_lp44_69=
    1    -1
   -3    -3
   -2     2
    3     4
    3     3
    3     2
   -2    -3
   -3    -2
    0     2

r4_lp44_70=
    1    -1
   -3    -3
   -2     0
    3     4
    3     3
    3     2
   -2    -3
   -4    -2
    0     2

r4_lp44_71=
    1    -1
   -3    -3
   -2     0
    2     4
    3     3
    3     2
   -2    -3
   -4    -3
    0     2

r4_lp44_72=
    1    -1
   -3    -3
   -2     0
    2     3
    3     3
    3     2
   -2    -3
   -4    -3
   -2     2

r4_lp44_73=
    1    -1
   -3    -4
    0     2
    3     4
    3     3
    3     2
    0    -4
   -3    -2
    0     2

r4_lp44_74=
    1    -1
   -3    -4
   -2     2
    3     4
    3     3
    3     2
    0    -3
   -3    -2
    0     2

r4_lp44_75=
    1    -1
   -3    -4
   -2     0
    3     4
    3     3
    3     2
    0    -3
   -4    -2
    0     2

r4_lp44_76=
    1    -1
   -3    -4
   -2     0
    2     4
    3     3
    3     2
    0    -3
   -4    -3
    0     2

r4_lp44_77=
    1    -1
   -3    -4
   -3    -1
    2     3
    4     3
    3     3
    2     0
   -2    -3
   -3    -2
    0     2

r4_lp44_78=
    1    -1
   -3    -4
   -3     0
    3     4
    3     3
    3     2
    0    -2
   -4    -2
    0     2

r4_lp44_79=
    1    -2
   -3    -3
    0     2
    3     4
    3     3
    3     1
   -2    -4
   -3    -2
    0     2

r4_lp44_80=
    1    -2
   -3    -3
   -2     2
    3     4
    3     3
    3     1
   -2    -3
   -3    -2
    0     2

r4_lp44_81=
    1    -2
   -3    -3
   -2     0
    3     4
    3     3
    3     1
   -2    -3
   -4    -2
    0     2

r4_lp44_82=
    1    -2
   -3    -3
   -2     0
    2     4
    3     3
    3     1
   -2    -3
   -4    -3
    0     2

r4_lp44_83=
    1    -2
   -3    -3
   -2     0
    2     3
    3     3
    3     1
   -2    -3
   -4    -3
   -2     2

r4_lp44_84=
    1    -2
   -3    -3
   -2     0
    2     3
    4     3
    3     1
   -2    -3
   -4    -3
   -2     0

r4_lp44_85=
    1    -2
   -4     0
    2     3
    4     3
    3     3
    0    -4
   -3    -2
    0     2

r4_lp44_86=
    1    -2
   -4    -2
    2     3
    4     3
    3     3
    0    -3
   -3    -2
    0     2

r4_lp44_87=
    1    -2
   -4    -2
    0     3
    4     3
    3     3
    0    -3
   -4    -2
    0     2

r4_lp44_88=
    1    -2
   -4    -2
    0     2
    4     3
    3     3
    0    -3
   -4    -3
    0     2

r4_lp44_89=
    1    -2
   -4    -2
    0     2
    3     3
    3     3
    0    -3
   -4    -3
   -2     2

r4_lp44_90=
    1    -2
   -4    -2
    0     2
    3     4
    3     3
    0    -3
   -4    -3
   -2     0

r4_lp44_91=
    1    -2
   -4    -3
   -1     2
    3     4
    3     3
    3     0
   -2    -3
   -3    -2
    0     2

r4_lp44_92=
    1    -2
   -4    -3
    0     3
    4     3
    3     3
    0    -2
   -4    -2
    0     2

r4_lp44_93=
    1    -2
   -4    -3
    0     2
    4     3
    3     3
    0    -2
   -4    -3
    0     2

r4_lp44_94=
    1    -2
   -4    -3
    0     2
    3     3
    3     3
    0    -2
   -4    -3
   -2     2

r4_lp44_95=
    1    -2
   -4    -3
    0     2
    3     4
    3     3
    0    -2
   -4    -3
   -2     0

r4_lp44_96=
    1    -2
   -4    -3
   -2     1
    3     4
    3     3
    3     0
   -2    -3
   -3    -2
    0     2

r4_lp44_97=
    1    -2
   -4    -3
   -2     2
    4     3
    3     3
    0    -2
   -3    -3
    0     2

r4_lp44_98=
    1    -2
   -4    -3
   -2     2
    3     3
    3     3
    0    -2
   -3    -3
   -2     2

r4_lp44_99=
    1    -2
   -4    -3
   -2     2
    3     4
    3     3
    0    -2
   -3    -3
   -2     0

r4_lp44_100=
    1    -2
   -4    -3
   -2     0
    4     3
    3     3
    0    -2
   -3    -4
    0     2

r4_lp44_101=
    1    -2
   -4    -3
   -2     0
    3     3
    3     3
    0    -2
   -3    -4
   -2     2

r4_lp44_102=
    1    -2
   -4    -3
   -2     0
    3     4
    3     3
    0    -2
   -3    -4
   -2     0

r4_lp44_103=
    1    -2
   -4    -3
   -2     0
    2     4
    3     3
    0    -2
   -3    -4
   -3     0

r4_lp44_104=
    1    -2
   -4    -3
   -2     0
    2     3
    3     3
    3     0
   -2    -3
   -4    -3
   -2     1

r4_lp44_105=
    1    -2
   -3    -3
    0     2
    3     4
    3     3
    3     2
   -1    -4
   -3    -2
    0     2

r4_lp44_106=
    1    -2
   -3    -3
   -2     2
    3     4
    3     3
    3     2
   -1    -3
   -3    -2
    0     2

r4_lp44_107=
    1    -2
   -3    -3
   -2     0
    3     4
    3     3
    3     2
   -1    -3
   -4    -2
    0     2

r4_lp44_108=
    1    -2
   -3    -3
   -1     2
    3     4
    3     3
    3     2
   -2    -3
   -3    -2
    0     2

r4_lp44_109=
    1    -2
   -3    -3
    0     3
    4     3
    3     3
    2    -2
   -4    -2
    0     2

r4_lp44_110=
    1    -2
   -3    -3
    0     2
    4     3
    3     3
    2    -2
   -4    -3
    0     2

r4_lp44_111=
    1    -2
   -3    -3
    0     2
    3     3
    3     3
    2    -2
   -4    -3
   -2     2

r4_lp44_112=
    1    -2
   -3    -3
    0     2
    3     4
    3     3
    2    -2
   -4    -3
   -2     0

r4_lp44_113=
    1    -2
   -3    -3
   -2     1
    3     4
    3     3
    3     2
   -2    -3
   -3    -2
    0     2

r4_lp44_114=
    1    -2
   -3    -3
   -2     2
    4     3
    3     3
    2    -2
   -3    -3
    0     2

r4_lp44_115=
    1    -2
   -3    -3
   -2     2
    3     3
    3     3
    2    -2
   -3    -3
   -2     2

r4_lp44_116=
    1    -2
   -3    -3
   -2     2
    3     4
    3     3
    2    -2
   -3    -3
   -2     0

r4_lp44_117=
    1    -2
   -3    -3
   -2     0
    4     3
    3     3
    2    -2
   -3    -4
    0     2

r4_lp44_118=
    1    -2
   -3    -3
   -2     0
    3     3
    3     3
    2    -2
   -3    -4
   -2     2

r4_lp44_119=
    1    -2
   -3    -3
   -2     0
    3     4
    3     3
    2    -2
   -3    -4
   -2     0

r4_lp44_120=
    1    -2
   -3    -3
   -2     0
    2     4
    3     3
    2    -2
   -3    -4
   -3     0

r4_lp44_121=
    1    -2
   -3    -3
   -2     0
    2     3
    3     3
    3     2
   -2    -3
   -4    -3
   -2     1

r4_lp44_122=
    1    -2
   -3    -4
   -1     2
    3     4
    3     3
    3     2
    0    -3
   -3    -2
    0     2

r4_lp44_123=
    1    -2
   -3    -4
    0     3
    4     3
    3     3
    2     0
   -4    -2
    0     2

r4_lp44_124=
    1    -2
   -3    -4
    0     2
    4     3
    3     3
    2     0
   -4    -3
    0     2

r4_lp44_125=
    1    -2
   -3    -4
    0     2
    3     3
    3     3
    2     0
   -4    -3
   -2     2

r4_lp44_126=
    1    -2
   -3    -4
    0     2
    3     4
    3     3
    2     0
   -4    -3
   -2     0

r4_lp44_127=
    1    -2
   -3    -4
   -2     2
    4     3
    3     3
    2     0
   -3    -3
    0     2

r4_lp44_128=
    1    -2
   -3    -4
   -2     2
    3     3
    3     3
    2     0
   -3    -3
   -2     2

r4_lp44_129=
    1    -2
   -3    -4
   -2     2
    3     4
    3     3
    2     0
   -3    -3
   -2     0

r4_lp44_130=
    1    -2
   -3    -4
   -2     0
    4     3
    3     3
    2     0
   -3    -4
    0     2

r4_lp44_131=
    1    -2
   -3    -4
   -2     0
    3     3
    3     3
    2     0
   -3    -4
   -2     2

r4_lp44_132=
    1    -2
   -3    -4
   -2     0
    3     4
    3     3
    2     0
   -3    -4
   -2     0

r4_lp44_133=
    1    -2
   -3    -4
   -2     0
    2     4
    3     3
    2     0
   -3    -4
   -3     0

r4_lp44_134=
    1    -2
   -3    -4
   -2     0
    2     3
    3     3
    3     2
    0    -3
   -4    -3
   -2     1

r4_lp44_135=
    1    -2
   -3    -4
   -3     0
    4     3
    3     3
    2     0
   -2    -4
    0     2

r4_lp44_136=
    1    -2
   -3    -4
   -3     0
    3     3
    3     3
    2     0
   -2    -4
   -2     2

r4_lp44_137=
    1    -2
   -3    -4
   -3     0
    3     4
    3     3
    2     0
   -2    -4
   -2     0

r4_lp44_138=
    1    -2
   -3    -4
   -3     0
    2     4
    3     3
    2     0
   -2    -4
   -3     0

r4_lp44_139=
    1    -2
   -3    -4
   -3    -2
    1     4
    3     3
    3     2
    0    -2
   -3    -3
    0     2

r4_lp44_140=
    1    -2
   -3    -4
   -3    -2
    1     3
    3     3
    3     2
    0    -2
   -3    -3
   -2     2

r4_lp44_141=
    1    -2
   -3    -4
   -3    -2
    2     4
    3     3
    2     0
   -2    -3
   -3     0

r4_lp44_142=
    1    -2
   -3    -4
   -3    -2
    0     4
    3     3
    2     0
   -2    -3
   -4     0

r4_lp44_143=
    2    -2
   -4     0
    3     4
    3     3
    3     0
   -4    -2
    0     2

r4_lp44_144=
    2    -2
   -4     0
    2     4
    3     3
    3     0
   -4    -3
    0     2

r4_lp44_145=
    2    -2
   -4     0
    2     3
    3     3
    3     0
   -4    -3
   -2     2

r4_lp44_146=
    2    -2
   -4     0
    2     3
    4     3
    3     0
   -4    -3
   -2     0

r4_lp44_147=
    2    -2
   -4    -2
    2     4
    3     3
    3     0
   -3    -3
    0     2

r4_lp44_148=
    2    -2
   -4    -2
    2     3
    3     3
    3     0
   -3    -3
   -2     2

r4_lp44_149=
    2    -2
   -4    -2
    0     4
    3     3
    3     0
   -3    -4
    0     2

r4_lp44_150=
    2    -2
   -4    -2
    0     3
    3     3
    3     0
   -3    -4
   -2     2

r4_lp44_151=
    2    -2
   -4    -2
    0     3
    4     3
    3     0
   -3    -4
   -2     0

r4_lp44_152=
    2    -2
   -4    -2
    0     2
    4     3
    3     0
   -3    -4
   -3     0

r4_lp44_153=
    2    -2
   -4    -3
    0     4
    3     3
    3     0
   -2    -4
    0     2

r4_lp44_154=
    2    -2
   -4    -3
    0     3
    4     3
    3     0
   -2    -4
   -2     0

r4_lp44_155=
    2    -2
   -3    -4
    0     4
    3     3
    3     2
    0    -4
    0     2

r4_lp44_156=
    0    -4
    0     3
    4     3
    2     4
    0    -4
   -2     0
    2     3

r4_lp44_157=
    0    -4
    0     2
    4     3
    2     4
    0    -4
   -3     0
    2     3

r4_lp44_158=
    0    -4
   -2     0
    4     3
    2     4
    0    -3
   -4     0
    2     3

r4_lp44_159=
    0    -4
   -2     0
    3     4
    2     4
    0    -3
   -4    -2
    0     3

r4_lp44_160=
    0    -4
   -2     0
    3     4
    3     4
    0    -3
   -4    -2
    0     2

r4_lp44_161=
    0    -4
   -2     0
    2     4
    2     4
    0    -3
   -4    -3
    0     3

r4_lp44_162=
    0    -4
   -3     0
    3     4
    2     4
    0    -2
   -4    -2
    0     3
