r4_lp43_1=
    3    -1
   -2    -3
   -4    -3
   -2     0
    2     3
    4     1
    3     3
    2     0
   -2    -3
   -4    -3
   -2     0

r4_lp43_2=
    2    -2
   -3    -4
   -3    -2
    0     2
    3     4
    2     3
    2     0
   -2    -3
   -4    -3
   -2     0

r4_lp43_3=
    2    -1
   -3    -4
   -3    -2
    0     2
    3     4
    2     3
    2     0
   -2    -3
   -4    -3
   -2     0

r4_lp43_4=
    2    -1
   -2    -4
   -3    -2
    0     2
    3     4
    2     3
    3     0
   -2    -3
   -4    -3
   -2     0

r4_lp43_5=
    2    -1
   -2    -3
   -3    -2
    0     2
    3     4
    2     3
    3     2
   -2    -3
   -4    -3
   -2     0

r4_lp43_6=
    2    -1
   -2    -3
   -4    -2
    0     2
    3     4
    2     3
    3     2
    0    -3
   -4    -3
   -2     0

r4_lp43_7=
    2    -1
   -2    -3
   -4    -3
    0     2
    3     4
    2     3
    3     2
    0    -2
   -4    -3
   -2     0

r4_lp43_8=
    2    -1
   -2    -3
   -4    -3
   -2     2
    3     4
    2     3
    3     2
    0    -2
   -3    -3
   -2     0

r4_lp43_9=
    2    -1
   -2    -3
   -4    -3
   -2     0
    3     4
    2     3
    3     2
    0    -2
   -3    -4
   -2     0

r4_lp43_10=
    2    -1
   -2    -3
   -4    -3
   -2     0
    2     4
    2     3
    3     2
    0    -2
   -3    -4
   -3     0

r4_lp43_11=
    2    -1
   -2    -3
   -4    -3
   -2     0
    2     3
    3     2
    3     3
    2     0
   -2    -3
   -4    -3
   -2     1

r4_lp43_12=
    3    -3
   -4    -3
   -2     0
    2     3
    4     2
    2     0
   -2    -3
   -4    -3
   -2     0

r4_lp43_13=
    3    -2
   -4    -3
   -2     0
    2     3
    4     2
    3     0
   -2    -3
   -4    -3
   -2     0

r4_lp43_14=
    3    -2
   -3    -3
   -2     0
    2     3
    4     2
    3     2
   -2    -3
   -4    -3
   -2     0

r4_lp43_15=
    3    -2
   -3    -4
   -2     0
    2     3
    4     2
    3     2
    0    -3
   -4    -3
   -2     0

r4_lp43_16=
    3    -2
   -3    -4
   -3     0
    2     3
    4     2
    3     2
    0    -2
   -4    -3
   -2     0

r4_lp43_17=
    3    -2
   -3    -4
   -3    -2
    2     3
    4     2
    3     2
    0    -2
   -3    -3
   -2     0

r4_lp43_18=
    3    -2
   -3    -4
   -3    -2
    0     3
    4     2
    3     2
    0    -2
   -3    -4
   -2     0

r4_lp43_19=
    3    -2
   -3    -4
   -3    -2
    0     2
    4     2
    3     2
    0    -2
   -3    -4
   -3     0

r4_lp43_20=
    3    -2
   -3    -4
   -3    -2
    0     2
    3     2
    3     2
    0    -2
   -3    -4
   -3    -2

r4_lp43_21=
    3    -1
   -4    -3
   -2     0
    2     3
    4     2
    3     0
   -2    -3
   -4    -3
   -2     0

r4_lp43_22=
    3    -1
   -3    -3
   -2     0
    2     3
    4     2
    3     2
   -2    -3
   -4    -3
   -2     0

r4_lp43_23=
    3    -1
   -3    -4
   -2     0
    2     3
    4     2
    3     2
    0    -3
   -4    -3
   -2     0

r4_lp43_24=
    3    -1
   -3    -4
   -3     0
    2     3
    4     2
    3     2
    0    -2
   -4    -3
   -2     0

r4_lp43_25=
    3    -1
   -3    -4
   -3    -2
    2     3
    4     2
    3     2
    0    -2
   -3    -3
   -2     0

r4_lp43_26=
    3    -1
   -3    -4
   -3    -2
    0     3
    4     2
    3     2
    0    -2
   -3    -4
   -2     0

r4_lp43_27=
    3    -1
   -3    -4
   -3    -2
    0     2
    4     2
    3     2
    0    -2
   -3    -4
   -3     0

r4_lp43_28=
    3    -1
   -3    -4
   -3    -2
    0     2
    3     2
    3     2
    0    -2
   -3    -4
   -3    -2

r4_lp43_29=
    3    -1
   -2    -3
   -3    -2
    0     2
    3     4
    2     3
    3     1
   -2    -3
   -4    -3
   -2     0

r4_lp43_30=
    3    -1
   -2    -4
   -2     0
    2     3
    4     2
    3     3
    0    -3
   -4    -3
   -2     0

r4_lp43_31=
    3    -1
   -2    -4
   -3     0
    2     3
    4     2
    3     3
    0    -2
   -4    -3
   -2     0

r4_lp43_32=
    3    -1
   -2    -4
   -3    -2
    2     3
    4     2
    3     3
    0    -2
   -3    -3
   -2     0

r4_lp43_33=
    3    -1
   -2    -4
   -3    -2
    0     3
    4     2
    3     3
    0    -2
   -3    -4
   -2     0

r4_lp43_34=
    3    -1
   -2    -4
   -3    -2
    0     2
    4     2
    3     3
    0    -2
   -3    -4
   -3     0

r4_lp43_35=
    3    -1
   -2    -4
   -3    -2
    0     2
    3     2
    3     3
    0    -2
   -3    -4
   -3    -2

r4_lp43_36=
    3    -1
   -2    -3
   -3    -2
    0     2
    3     4
    2     3
    3     2
   -1    -3
   -4    -3
   -2     0

r4_lp43_37=
    3    -1
   -2    -3
   -3     0
    2     3
    4     2
    3     3
    2    -2
   -4    -3
   -2     0

r4_lp43_38=
    3    -1
   -2    -3
   -3    -2
    2     3
    4     2
    3     3
    2    -2
   -3    -3
   -2     0

r4_lp43_39=
    3    -1
   -2    -3
   -3    -2
    0     3
    4     2
    3     3
    2    -2
   -3    -4
   -2     0

r4_lp43_40=
    3    -1
   -2    -3
   -3    -2
    0     2
    4     2
    3     3
    2    -2
   -3    -4
   -3     0

r4_lp43_41=
    3    -1
   -2    -3
   -3    -2
    0     2
    3     2
    3     3
    2    -2
   -3    -4
   -3    -2

r4_lp43_42=
    3    -1
   -2    -3
   -4     0
    2     3
    4     2
    3     3
    2     0
   -4    -3
   -2     0

r4_lp43_43=
    3    -1
   -2    -3
   -4    -2
    2     3
    4     2
    3     3
    2     0
   -3    -3
   -2     0

r4_lp43_44=
    3    -1
   -2    -3
   -4    -2
    0     3
    4     2
    3     3
    2     0
   -3    -4
   -2     0

r4_lp43_45=
    3    -1
   -2    -3
   -4    -2
    0     2
    4     2
    3     3
    2     0
   -3    -4
   -3     0

r4_lp43_46=
    3    -1
   -2    -3
   -4    -2
    0     2
    3     2
    3     3
    2     0
   -3    -4
   -3    -2

r4_lp43_47=
    3    -1
   -2    -3
   -4    -3
   -1     2
    3     4
    2     3
    3     2
    0    -2
   -3    -3
   -2     0

r4_lp43_48=
    3    -1
   -2    -3
   -4    -3
    0     3
    4     2
    3     3
    2     0
   -2    -4
   -2     0

r4_lp43_49=
    3    -1
   -2    -3
   -4    -3
    0     2
    4     2
    3     3
    2     0
   -2    -4
   -3     0

r4_lp43_50=
    3    -1
   -2    -3
   -4    -3
    0     2
    3     2
    3     3
    2     0
   -2    -4
   -3    -2

r4_lp43_51=
    3    -1
   -2    -3
   -4    -3
   -2     1
    3     4
    2     3
    3     2
    0    -2
   -3    -3
   -2     0

r4_lp43_52=
    3    -1
   -2    -3
   -4    -3
   -2     2
    4     2
    3     3
    2     0
   -2    -3
   -3     0

r4_lp43_53=
    3    -1
   -2    -3
   -4    -3
   -2     2
    3     2
    3     3
    2     0
   -2    -3
   -3    -2

r4_lp43_54=
    3    -1
   -2    -3
   -4    -3
   -2     0
    4     2
    3     3
    2     0
   -2    -3
   -4     0

r4_lp43_55=
    3    -1
   -2    -3
   -4    -3
   -2     0
    3     2
    3     3
    2     0
   -2    -3
   -4    -2

r4_lp43_56=
    3    -1
   -2    -3
   -4    -3
   -2     0
    2     3
    2     3
    3     2
    0    -2
   -3    -4
   -3    -1

r4_lp43_57=
    0    -2
   -4    -3
   -2     0
    2     3
    4     3
    3     2
    0    -2
   -3    -4
   -3    -2
    0     2

r4_lp43_58=
    0    -3
   -3    -2
    0     2
    3     4
    3     3
    2    -2
   -3    -4
   -3    -2
    0     2

r4_lp43_59=
    0    -3
   -4    -2
    0     2
    3     4
    3     3
    2     0
   -3    -4
   -3    -2
    0     2

r4_lp43_60=
    0    -3
   -4    -3
    0     2
    3     4
    3     3
    2     0
   -2    -4
   -3    -2
    0     2

r4_lp43_61=
    0    -3
   -4    -3
   -2     2
    3     4
    3     3
    2     0
   -2    -3
   -3    -2
    0     2

r4_lp43_62=
    0    -1
   -3    -3
   -2     0
    2     3
    4     3
    3     3
    1    -2
   -3    -4
   -3    -2
    0     2

r4_lp43_63=
    0    -1
   -4    -2
    0     2
    3     4
    3     3
    3     0
   -3    -4
   -3    -2
    0     2

r4_lp43_64=
    0    -1
   -4    -3
    0     2
    3     4
    3     3
    3     0
   -2    -4
   -3    -2
    0     2

r4_lp43_65=
    0    -1
   -4    -3
   -2     2
    3     4
    3     3
    3     0
   -2    -3
   -3    -2
    0     2

r4_lp43_66=
    0    -1
   -4    -3
   -2     0
    3     4
    3     3
    3     0
   -2    -3
   -4    -2
    0     2

r4_lp43_67=
    0    -1
   -4    -3
   -2     0
    2     4
    3     3
    3     0
   -2    -3
   -4    -3
    0     2

r4_lp43_68=
    0    -1
   -4    -3
   -2     0
    2     3
    3     3
    3     0
   -2    -3
   -4    -3
   -2     2

r4_lp43_69=
    0    -1
   -4    -3
   -2     0
    2     3
    4     2
    3     3
    0    -2
   -3    -4
   -3    -2
    0     2

r4_lp43_70=
    0    -1
   -3    -3
   -2     0
    2     3
    4     3
    3     3
    2    -1
   -3    -4
   -3    -2
    0     2

r4_lp43_71=
    0    -1
   -3    -3
    0     2
    3     4
    3     3
    3     2
   -2    -4
   -3    -2
    0     2

r4_lp43_72=
    0    -1
   -3    -3
   -2     2
    3     4
    3     3
    3     2
   -2    -3
   -3    -2
    0     2

r4_lp43_73=
    0    -1
   -3    -3
   -2     0
    3     4
    3     3
    3     2
   -2    -3
   -4    -2
    0     2

r4_lp43_74=
    0    -1
   -3    -3
   -2     0
    2     4
    3     3
    3     2
   -2    -3
   -4    -3
    0     2

r4_lp43_75=
    0    -1
   -3    -3
   -2     0
    2     3
    3     3
    3     2
   -2    -3
   -4    -3
   -2     2

r4_lp43_76=
    0    -1
   -3    -3
   -2     0
    2     3
    4     2
    3     3
    2    -2
   -3    -4
   -3    -2
    0     2

r4_lp43_77=
    0    -1
   -3    -4
    0     2
    3     4
    3     3
    3     2
    0    -4
   -3    -2
    0     2

r4_lp43_78=
    0    -1
   -3    -4
   -2     2
    3     4
    3     3
    3     2
    0    -3
   -3    -2
    0     2

r4_lp43_79=
    0    -1
   -3    -4
   -2     0
    3     4
    3     3
    3     2
    0    -3
   -4    -2
    0     2

r4_lp43_80=
    0    -1
   -3    -4
   -2     0
    2     4
    3     3
    3     2
    0    -3
   -4    -3
    0     2

r4_lp43_81=
    0    -1
   -3    -4
   -2     0
    2     3
    3     3
    3     2
    0    -3
   -4    -3
   -2     2

r4_lp43_82=
    0    -1
   -3    -4
   -2     0
    2     3
    4     2
    3     3
    2     0
   -3    -4
   -3    -2
    0     2

r4_lp43_83=
    0    -1
   -3    -4
   -3    -1
    2     3
    4     3
    3     3
    2     0
   -2    -3
   -3    -2
    0     2

r4_lp43_84=
    0    -1
   -3    -4
   -3     0
    3     4
    3     3
    3     2
    0    -2
   -4    -2
    0     2

r4_lp43_85=
    0    -1
   -3    -4
   -3     0
    2     4
    3     3
    3     2
    0    -2
   -4    -3
    0     2

r4_lp43_86=
    0    -1
   -3    -4
   -3     0
    2     3
    3     3
    3     2
    0    -2
   -4    -3
   -2     2

r4_lp43_87=
    0    -1
   -3    -4
   -3     0
    2     3
    4     2
    3     3
    2     0
   -2    -4
   -3    -2
    0     2

r4_lp43_88=
    0    -1
   -3    -4
   -3    -2
    1     3
    4     3
    3     3
    2     0
   -2    -3
   -3    -2
    0     2

r4_lp43_89=
    0    -1
   -3    -4
   -3    -2
    2     4
    3     3
    3     2
    0    -2
   -3    -3
    0     2

r4_lp43_90=
    0    -1
   -3    -4
   -3    -2
    2     3
    3     3
    3     2
    0    -2
   -3    -3
   -2     2

r4_lp43_91=
    0    -1
   -3    -4
   -3    -2
    2     3
    4     2
    3     3
    2     0
   -2    -3
   -3    -2
    0     2

r4_lp43_92=
    0    -1
   -3    -4
   -3    -2
    0     4
    3     3
    3     2
    0    -2
   -3    -4
    0     2

r4_lp43_93=
    0    -1
   -3    -4
   -3    -2
    0     3
    3     3
    3     2
    0    -2
   -3    -4
   -2     2

r4_lp43_94=
    0    -1
   -3    -4
   -3    -2
    0     3
    4     2
    3     3
    2     0
   -2    -3
   -4    -2
    0     2

r4_lp43_95=
    0    -1
   -3    -4
   -3    -2
    0     2
    3     3
    3     3
    2     0
   -2    -3
   -4    -3
   -1     2

r4_lp43_96=
    0    -1
   -3    -4
   -3    -2
    0     2
    4     2
    3     3
    2     0
   -2    -3
   -4    -3
    0     2

r4_lp43_97=
    0    -1
   -3    -4
   -3    -2
    0     2
    3     3
    2     3
    3     2
    0    -2
   -3    -4
   -3    -2
    1     2

r4_lp43_98=
    0    -1
   -3    -4
   -3    -2
    0     2
    3     4
    3     3
    3     2
    0    -2
   -3    -4
   -3    -2
    0     1

r4_lp43_99=
    0    -2
   -3    -3
   -2     0
    2     3
    4     3
    3     3
    0    -2
   -3    -4
   -3    -2
    0     2

r4_lp43_100=
    0    -2
   -3    -3
   -2     0
    2     3
    4     3
    3     3
    1    -1
   -3    -4
   -3    -2
    0     2

r4_lp43_101=
    0    -2
   -3    -3
    0     2
    3     4
    3     3
    3     1
   -2    -4
   -3    -2
    0     2

r4_lp43_102=
    0    -2
   -3    -3
   -2     2
    3     4
    3     3
    3     1
   -2    -3
   -3    -2
    0     2

r4_lp43_103=
    0    -2
   -3    -3
   -2     0
    3     4
    3     3
    3     1
   -2    -3
   -4    -2
    0     2

r4_lp43_104=
    0    -2
   -3    -3
   -2     0
    2     4
    3     3
    3     1
   -2    -3
   -4    -3
    0     2

r4_lp43_105=
    0    -2
   -3    -3
   -2     0
    2     3
    3     3
    3     1
   -2    -3
   -4    -3
   -2     2

r4_lp43_106=
    0    -2
   -3    -3
   -2     0
    2     3
    4     2
    3     3
    1    -2
   -3    -4
   -3    -2
    0     2

r4_lp43_107=
    0    -2
   -4     0
    2     3
    4     3
    3     3
    0    -4
   -3    -2
    0     2

r4_lp43_108=
    0    -2
   -4    -2
    2     3
    4     3
    3     3
    0    -3
   -3    -2
    0     2

r4_lp43_109=
    0    -2
   -4    -2
    0     3
    4     3
    3     3
    0    -3
   -4    -2
    0     2

r4_lp43_110=
    0    -2
   -4    -2
    0     2
    4     3
    3     3
    0    -3
   -4    -3
    0     2

r4_lp43_111=
    0    -2
   -4    -2
    0     2
    3     3
    3     3
    0    -3
   -4    -3
   -2     2

r4_lp43_112=
    0    -2
   -4    -2
    0     2
    3     4
    2     3
    3     0
   -3    -4
   -3    -2
    0     2

r4_lp43_113=
    0    -2
   -4    -3
   -1     2
    3     4
    3     3
    3     0
   -2    -3
   -3    -2
    0     2

r4_lp43_114=
    0    -2
   -4    -3
    0     3
    4     3
    3     3
    0    -2
   -4    -2
    0     2

r4_lp43_115=
    0    -2
   -4    -3
    0     2
    4     3
    3     3
    0    -2
   -4    -3
    0     2

r4_lp43_116=
    0    -2
   -4    -3
    0     2
    3     3
    3     3
    0    -2
   -4    -3
   -2     2

r4_lp43_117=
    0    -2
   -4    -3
    0     2
    3     4
    2     3
    3     0
   -2    -4
   -3    -2
    0     2

r4_lp43_118=
    0    -2
   -4    -3
   -2     1
    3     4
    3     3
    3     0
   -2    -3
   -3    -2
    0     2

r4_lp43_119=
    0    -2
   -4    -3
   -2     2
    4     3
    3     3
    0    -2
   -3    -3
    0     2

r4_lp43_120=
    0    -2
   -4    -3
   -2     2
    3     3
    3     3
    0    -2
   -3    -3
   -2     2

r4_lp43_121=
    0    -2
   -4    -3
   -2     2
    3     4
    2     3
    3     0
   -2    -3
   -3    -2
    0     2

r4_lp43_122=
    0    -2
   -4    -3
   -2     0
    4     3
    3     3
    0    -2
   -3    -4
    0     2

r4_lp43_123=
    0    -2
   -4    -3
   -2     0
    3     3
    3     3
    0    -2
   -3    -4
   -2     2

r4_lp43_124=
    0    -2
   -4    -3
   -2     0
    3     4
    2     3
    3     0
   -2    -3
   -4    -2
    0     2

r4_lp43_125=
    0    -2
   -4    -3
   -2     0
    2     3
    3     3
    3     0
   -2    -3
   -4    -3
   -1     2

r4_lp43_126=
    0    -2
   -4    -3
   -2     0
    2     4
    2     3
    3     0
   -2    -3
   -4    -3
    0     2

r4_lp43_127=
    0    -2
   -4    -3
   -2     0
    2     3
    3     2
    3     3
    0    -2
   -3    -4
   -3    -2
    1     2

r4_lp43_128=
    0    -2
   -4    -3
   -2     0
    2     3
    4     3
    3     3
    0    -2
   -3    -4
   -3    -2
    0     1

r4_lp43_129=
    0    -2
   -3    -3
   -2     0
    2     3
    4     3
    3     3
    2     0
   -3    -4
   -3    -2
    0     2

r4_lp43_130=
    0    -2
   -3    -3
    0     2
    3     4
    3     3
    3     2
   -1    -4
   -3    -2
    0     2

r4_lp43_131=
    0    -2
   -3    -3
   -2     2
    3     4
    3     3
    3     2
   -1    -3
   -3    -2
    0     2

r4_lp43_132=
    0    -2
   -3    -3
   -2     0
    3     4
    3     3
    3     2
   -1    -3
   -4    -2
    0     2

r4_lp43_133=
    0    -2
   -3    -3
   -2     0
    2     4
    3     3
    3     2
   -1    -3
   -4    -3
    0     2

r4_lp43_134=
    0    -2
   -3    -3
   -2     0
    2     3
    3     3
    3     2
   -1    -3
   -4    -3
   -2     2

r4_lp43_135=
    0    -2
   -3    -3
   -2     0
    2     3
    4     2
    3     3
    2    -1
   -3    -4
   -3    -2
    0     2

r4_lp43_136=
    0    -2
   -3    -3
   -1     2
    3     4
    3     3
    3     2
   -2    -3
   -3    -2
    0     2

r4_lp43_137=
    0    -2
   -3    -3
    0     3
    4     3
    3     3
    2    -2
   -4    -2
    0     2

r4_lp43_138=
    0    -2
   -3    -3
    0     2
    4     3
    3     3
    2    -2
   -4    -3
    0     2

r4_lp43_139=
    0    -2
   -3    -3
    0     2
    3     3
    3     3
    2    -2
   -4    -3
   -2     2

r4_lp43_140=
    0    -2
   -3    -3
    0     2
    3     4
    2     3
    3     2
   -2    -4
   -3    -2
    0     2

r4_lp43_141=
    0    -2
   -3    -3
   -2     1
    3     4
    3     3
    3     2
   -2    -3
   -3    -2
    0     2

r4_lp43_142=
    0    -2
   -3    -3
   -2     2
    4     3
    3     3
    2    -2
   -3    -3
    0     2

r4_lp43_143=
    0    -2
   -3    -3
   -2     2
    3     3
    3     3
    2    -2
   -3    -3
   -2     2

r4_lp43_144=
    0    -2
   -3    -3
   -2     2
    3     4
    2     3
    3     2
   -2    -3
   -3    -2
    0     2

r4_lp43_145=
    0    -2
   -3    -3
   -2     0
    4     3
    3     3
    2    -2
   -3    -4
    0     2

r4_lp43_146=
    0    -2
   -3    -3
   -2     0
    3     3
    3     3
    2    -2
   -3    -4
   -2     2

r4_lp43_147=
    0    -2
   -3    -3
   -2     0
    3     4
    2     3
    3     2
   -2    -3
   -4    -2
    0     2

r4_lp43_148=
    0    -2
   -3    -3
   -2     0
    2     3
    3     3
    3     2
   -2    -3
   -4    -3
   -1     2

r4_lp43_149=
    0    -2
   -3    -3
   -2     0
    2     4
    2     3
    3     2
   -2    -3
   -4    -3
    0     2

r4_lp43_150=
    0    -2
   -3    -3
   -2     0
    2     3
    3     2
    3     3
    2    -2
   -3    -4
   -3    -2
    1     2

r4_lp43_151=
    0    -2
   -3    -3
   -2     0
    2     3
    4     3
    3     3
    2    -2
   -3    -4
   -3    -2
    0     1

r4_lp43_152=
    0    -2
   -3    -4
   -1     2
    3     4
    3     3
    3     2
    0    -3
   -3    -2
    0     2

r4_lp43_153=
    0    -2
   -3    -4
    0     3
    4     3
    3     3
    2     0
   -4    -2
    0     2

r4_lp43_154=
    0    -2
   -3    -4
    0     2
    4     3
    3     3
    2     0
   -4    -3
    0     2

r4_lp43_155=
    0    -2
   -3    -4
    0     2
    3     3
    3     3
    2     0
   -4    -3
   -2     2

r4_lp43_156=
    0    -2
   -3    -4
    0     2
    3     4
    2     3
    3     2
    0    -4
   -3    -2
    0     2

r4_lp43_157=
    0    -2
   -3    -4
   -2     1
    3     4
    3     3
    3     2
    0    -3
   -3    -2
    0     2

r4_lp43_158=
    0    -2
   -3    -4
   -2     2
    4     3
    3     3
    2     0
   -3    -3
    0     2

r4_lp43_159=
    0    -2
   -3    -4
   -2     2
    3     3
    3     3
    2     0
   -3    -3
   -2     2

r4_lp43_160=
    0    -2
   -3    -4
   -2     2
    3     4
    2     3
    3     2
    0    -3
   -3    -2
    0     2

r4_lp43_161=
    0    -2
   -3    -4
   -2     0
    4     3
    3     3
    2     0
   -3    -4
    0     2

r4_lp43_162=
    0    -2
   -3    -4
   -2     0
    3     3
    3     3
    2     0
   -3    -4
   -2     2

r4_lp43_163=
    0    -2
   -3    -4
   -2     0
    3     4
    2     3
    3     2
    0    -3
   -4    -2
    0     2

r4_lp43_164=
    0    -2
   -3    -4
   -2     0
    2     3
    3     3
    3     2
    0    -3
   -4    -3
   -1     2

r4_lp43_165=
    0    -2
   -3    -4
   -2     0
    2     4
    2     3
    3     2
    0    -3
   -4    -3
    0     2

r4_lp43_166=
    0    -2
   -3    -4
   -2     0
    2     3
    3     2
    3     3
    2     0
   -3    -4
   -3    -2
    1     2

r4_lp43_167=
    0    -2
   -3    -4
   -2     0
    2     3
    4     3
    3     3
    2     0
   -3    -4
   -3    -2
    0     1

r4_lp43_168=
    0    -2
   -3    -4
   -3     0
    2     3
    4     3
    3     3
    2     0
   -2    -3
   -3    -2
    0     2

r4_lp43_169=
    0    -2
   -3    -4
   -3    -1
    1     3
    4     3
    3     3
    2     0
   -2    -3
   -3    -2
    0     2

r4_lp43_170=
    0    -2
   -3    -4
   -3    -1
    2     4
    3     3
    3     2
    0    -2
   -3    -3
    0     2

r4_lp43_171=
    0    -2
   -3    -4
   -3    -1
    2     3
    3     3
    3     2
    0    -2
   -3    -3
   -2     2

r4_lp43_172=
    0    -2
   -3    -4
   -3    -1
    2     3
    4     2
    3     3
    2     0
   -2    -3
   -3    -2
    0     2

r4_lp43_173=
    0    -2
   -3    -4
   -3     0
    4     3
    3     3
    2     0
   -2    -4
    0     2

r4_lp43_174=
    0    -2
   -3    -4
   -3     0
    3     3
    3     3
    2     0
   -2    -4
   -2     2

r4_lp43_175=
    0    -2
   -3    -4
   -3     0
    3     4
    2     3
    3     2
    0    -2
   -4    -2
    0     2

r4_lp43_176=
    0    -2
   -3    -4
   -3     0
    2     3
    3     3
    3     2
    0    -2
   -4    -3
   -1     2

r4_lp43_177=
    0    -2
   -3    -4
   -3     0
    2     4
    2     3
    3     2
    0    -2
   -4    -3
    0     2

r4_lp43_178=
    0    -2
   -3    -4
   -3     0
    2     3
    3     2
    3     3
    2     0
   -2    -4
   -3    -2
    1     2

r4_lp43_179=
    0    -2
   -3    -4
   -3     0
    2     3
    4     3
    3     3
    2     0
   -2    -4
   -3    -2
    0     1

r4_lp43_180=
    0    -2
   -3    -4
   -3    -2
    0     3
    4     3
    3     3
    2     0
   -2    -3
   -3    -2
    0     2

r4_lp43_181=
    0    -2
   -3    -4
   -3    -2
    1     4
    3     3
    3     2
    0    -2
   -3    -3
    0     2

r4_lp43_182=
    0    -2
   -3    -4
   -3    -2
    1     3
    3     3
    3     2
    0    -2
   -3    -3
   -2     2

r4_lp43_183=
    0    -2
   -3    -4
   -3    -2
    1     3
    4     2
    3     3
    2     0
   -2    -3
   -3    -2
    0     2

r4_lp43_184=
    0    -2
   -3    -4
   -3    -2
    2     3
    3     3
    3     2
    0    -2
   -3    -3
   -1     2

r4_lp43_185=
    0    -2
   -3    -4
   -3    -2
    2     4
    2     3
    3     2
    0    -2
   -3    -3
    0     2

r4_lp43_186=
    0    -2
   -3    -4
   -3    -2
    2     3
    3     2
    3     3
    2     0
   -2    -3
   -3    -2
    1     2

r4_lp43_187=
    0    -2
   -3    -4
   -3    -2
    2     3
    4     3
    3     3
    2     0
   -2    -3
   -3    -2
    0     1

r4_lp43_188=
    0    -2
   -3    -4
   -3    -2
    0     3
    3     3
    3     2
    0    -2
   -3    -4
   -1     2

r4_lp43_189=
    0    -2
   -3    -4
   -3    -2
    0     4
    2     3
    3     2
    0    -2
   -3    -4
    0     2

r4_lp43_190=
    0    -2
   -3    -4
   -3    -2
    0     3
    3     2
    3     3
    2     0
   -2    -3
   -4    -2
    1     2

r4_lp43_191=
    0    -2
   -3    -4
   -3    -2
    0     3
    4     3
    3     3
    2     0
   -2    -3
   -4    -2
    0     1

r4_lp43_192=
    0    -2
   -3    -4
   -3    -2
    0     2
    3     3
    2     3
    3     2
    0    -2
   -3    -4
   -3    -1
    1     2

r4_lp43_193=
    0    -2
   -3    -4
   -3    -2
    0     2
    4     3
    3     3
    2     0
   -2    -3
   -4    -3
    0     1

r4_lp43_194=
    0    -2
   -3    -4
   -3    -2
    0     2
    3     3
    2     3
    3     2
    0    -2
   -3    -4
   -3    -2
    0     2

r4_lp43_195=
    0    -2
   -3    -4
   -3    -2
    0     2
    3     3
    3     3
    2     0
   -2    -3
   -4    -3
   -2     1

r4_lp43_196=
    0    -2
   -3    -4
   -3    -2
    0     2
    3     4
    3     3
    2     0
   -2    -3
   -4    -3
   -2     0

r4_lp43_197=
    1    -1
   -3    -3
   -2     0
    2     3
    4     3
    3     3
    1    -1
   -3    -4
   -3    -2
    0     2

r4_lp43_198=
    1    -1
   -3    -3
    0     2
    3     4
    3     3
    3     1
   -2    -4
   -3    -2
    0     2

r4_lp43_199=
    1    -1
   -3    -3
   -2     2
    3     4
    3     3
    3     1
   -2    -3
   -3    -2
    0     2

r4_lp43_200=
    1    -1
   -3    -3
   -2     0
    3     4
    3     3
    3     1
   -2    -3
   -4    -2
    0     2

r4_lp43_201=
    1    -1
   -3    -3
   -2     0
    2     4
    3     3
    3     1
   -2    -3
   -4    -3
    0     2

r4_lp43_202=
    1    -1
   -3    -3
   -2     0
    2     3
    3     3
    3     1
   -2    -3
   -4    -3
   -2     2

r4_lp43_203=
    1    -1
   -3    -3
   -2     0
    2     3
    4     3
    3     1
   -2    -3
   -4    -3
   -2     0

r4_lp43_204=
    1    -1
   -4     0
    2     3
    4     3
    3     3
    0    -4
   -3    -2
    0     2

r4_lp43_205=
    1    -1
   -4    -2
    2     3
    4     3
    3     3
    0    -3
   -3    -2
    0     2

r4_lp43_206=
    1    -1
   -4    -2
    0     3
    4     3
    3     3
    0    -3
   -4    -2
    0     2

r4_lp43_207=
    1    -1
   -4    -2
    0     2
    4     3
    3     3
    0    -3
   -4    -3
    0     2

r4_lp43_208=
    1    -1
   -4    -2
    0     2
    3     3
    3     3
    0    -3
   -4    -3
   -2     2

r4_lp43_209=
    1    -1
   -4    -2
    0     2
    3     4
    3     3
    0    -3
   -4    -3
   -2     0

r4_lp43_210=
    1    -1
   -4    -3
   -1     2
    3     4
    3     3
    3     0
   -2    -3
   -3    -2
    0     2

r4_lp43_211=
    1    -1
   -4    -3
    0     3
    4     3
    3     3
    0    -2
   -4    -2
    0     2

r4_lp43_212=
    1    -1
   -4    -3
    0     2
    4     3
    3     3
    0    -2
   -4    -3
    0     2

r4_lp43_213=
    1    -1
   -4    -3
    0     2
    3     3
    3     3
    0    -2
   -4    -3
   -2     2

r4_lp43_214=
    1    -1
   -4    -3
    0     2
    3     4
    3     3
    0    -2
   -4    -3
   -2     0

r4_lp43_215=
    1    -1
   -4    -3
   -2     1
    3     4
    3     3
    3     0
   -2    -3
   -3    -2
    0     2

r4_lp43_216=
    1    -1
   -4    -3
   -2     2
    4     3
    3     3
    0    -2
   -3    -3
    0     2

r4_lp43_217=
    1    -1
   -4    -3
   -2     2
    3     3
    3     3
    0    -2
   -3    -3
   -2     2

r4_lp43_218=
    1    -1
   -4    -3
   -2     2
    3     4
    3     3
    0    -2
   -3    -3
   -2     0

r4_lp43_219=
    1    -1
   -4    -3
   -2     0
    4     3
    3     3
    0    -2
   -3    -4
    0     2

r4_lp43_220=
    1    -1
   -4    -3
   -2     0
    3     3
    3     3
    0    -2
   -3    -4
   -2     2

r4_lp43_221=
    1    -1
   -4    -3
   -2     0
    2     3
    3     3
    3     0
   -2    -3
   -4    -3
   -1     2

r4_lp43_222=
    1    -1
   -3    -3
    0     2
    3     4
    3     3
    3     2
   -1    -4
   -3    -2
    0     2

r4_lp43_223=
    1    -1
   -3    -3
   -2     2
    3     4
    3     3
    3     2
   -1    -3
   -3    -2
    0     2

r4_lp43_224=
    1    -1
   -3    -3
   -2     0
    3     4
    3     3
    3     2
   -1    -3
   -4    -2
    0     2

r4_lp43_225=
    1    -1
   -3    -3
   -2     0
    2     4
    3     3
    3     2
   -1    -3
   -4    -3
    0     2

r4_lp43_226=
    1    -1
   -3    -3
   -2     0
    2     3
    3     3
    3     2
   -1    -3
   -4    -3
   -2     2

r4_lp43_227=
    1    -1
   -3    -3
   -1     2
    3     4
    3     3
    3     2
   -2    -3
   -3    -2
    0     2

r4_lp43_228=
    1    -1
   -3    -3
    0     3
    4     3
    3     3
    2    -2
   -4    -2
    0     2

r4_lp43_229=
    1    -1
   -3    -3
    0     2
    4     3
    3     3
    2    -2
   -4    -3
    0     2

r4_lp43_230=
    1    -1
   -3    -3
    0     2
    3     3
    3     3
    2    -2
   -4    -3
   -2     2

r4_lp43_231=
    1    -1
   -3    -3
   -2     1
    3     4
    3     3
    3     2
   -2    -3
   -3    -2
    0     2

r4_lp43_232=
    1    -1
   -3    -3
   -2     2
    4     3
    3     3
    2    -2
   -3    -3
    0     2

r4_lp43_233=
    1    -1
   -3    -3
   -2     2
    3     3
    3     3
    2    -2
   -3    -3
   -2     2

r4_lp43_234=
    1    -1
   -3    -3
   -2     0
    4     3
    3     3
    2    -2
   -3    -4
    0     2

r4_lp43_235=
    1    -1
   -3    -4
   -1     2
    3     4
    3     3
    3     2
    0    -3
   -3    -2
    0     2

r4_lp43_236=
    1    -1
   -3    -4
    0     3
    4     3
    3     3
    2     0
   -4    -2
    0     2

r4_lp43_237=
    1    -1
   -3    -4
    0     2
    4     3
    3     3
    2     0
   -4    -3
    0     2

r4_lp43_238=
    1    -1
   -3    -4
   -2     1
    3     4
    3     3
    3     2
    0    -3
   -3    -2
    0     2

r4_lp43_239=
    1    -1
   -3    -4
   -2     2
    4     3
    3     3
    2     0
   -3    -3
    0     2

r4_lp43_240=
    1    -1
   -3    -4
   -3    -1
    1     3
    4     3
    3     3
    2     0
   -2    -3
   -3    -2
    0     2

r4_lp43_241=
    1    -2
   -3    -3
   -1     2
    3     4
    3     3
    3     1
   -2    -3
   -3    -2
    0     2

r4_lp43_242=
    1    -2
   -3    -3
    0     3
    4     3
    3     3
    1    -2
   -4    -2
    0     2

r4_lp43_243=
    1    -2
   -3    -3
    0     2
    4     3
    3     3
    1    -2
   -4    -3
    0     2

r4_lp43_244=
    1    -2
   -3    -3
    0     2
    3     3
    3     3
    1    -2
   -4    -3
   -2     2

r4_lp43_245=
    1    -2
   -3    -3
    0     2
    3     4
    3     3
    1    -2
   -4    -3
   -2     0

r4_lp43_246=
    1    -2
   -3    -3
   -2     1
    3     4
    3     3
    3     1
   -2    -3
   -3    -2
    0     2

r4_lp43_247=
    1    -2
   -3    -3
   -2     2
    4     3
    3     3
    1    -2
   -3    -3
    0     2

r4_lp43_248=
    1    -2
   -3    -3
   -2     2
    3     3
    3     3
    1    -2
   -3    -3
   -2     2

r4_lp43_249=
    1    -2
   -3    -3
   -2     2
    3     4
    3     3
    1    -2
   -3    -3
   -2     0

r4_lp43_250=
    1    -2
   -3    -3
   -2     0
    4     3
    3     3
    1    -2
   -3    -4
    0     2

r4_lp43_251=
    1    -2
   -3    -3
   -2     0
    3     3
    3     3
    1    -2
   -3    -4
   -2     2

r4_lp43_252=
    1    -2
   -3    -3
   -2     0
    3     4
    3     3
    1    -2
   -3    -4
   -2     0

r4_lp43_253=
    1    -2
   -3    -3
   -2     0
    2     4
    3     3
    1    -2
   -3    -4
   -3     0

r4_lp43_254=
    1    -2
   -3    -3
   -2     0
    2     3
    3     3
    3     1
   -2    -3
   -4    -3
   -2     1

r4_lp43_255=
    1    -2
   -4    -1
    2     3
    4     3
    3     3
    0    -3
   -3    -2
    0     2

r4_lp43_256=
    1    -2
   -4     0
    3     4
    3     3
    3     0
   -4    -2
    0     2

r4_lp43_257=
    1    -2
   -4     0
    2     4
    3     3
    3     0
   -4    -3
    0     2

r4_lp43_258=
    1    -2
   -4     0
    2     3
    3     3
    3     0
   -4    -3
   -2     2

r4_lp43_259=
    1    -2
   -4     0
    2     3
    4     3
    3     0
   -4    -3
   -2     0

r4_lp43_260=
    1    -2
   -4    -2
    1     3
    4     3
    3     3
    0    -3
   -3    -2
    0     2

r4_lp43_261=
    1    -2
   -4    -2
    2     4
    3     3
    3     0
   -3    -3
    0     2

r4_lp43_262=
    1    -2
   -4    -2
    2     3
    3     3
    3     0
   -3    -3
   -2     2

r4_lp43_263=
    1    -2
   -4    -2
    2     3
    4     3
    3     0
   -3    -3
   -2     0

r4_lp43_264=
    1    -2
   -4    -2
    0     4
    3     3
    3     0
   -3    -4
    0     2

r4_lp43_265=
    1    -2
   -4    -2
    0     3
    3     3
    3     0
   -3    -4
   -2     2

r4_lp43_266=
    1    -2
   -4    -2
    0     3
    4     3
    3     0
   -3    -4
   -2     0

r4_lp43_267=
    1    -2
   -4    -2
    0     2
    4     3
    3     0
   -3    -4
   -3     0

r4_lp43_268=
    1    -2
   -4    -2
    0     2
    3     3
    3     3
    0    -3
   -4    -3
   -2     1

r4_lp43_269=
    1    -2
   -4    -3
   -1     2
    4     3
    3     3
    0    -2
   -3    -3
    0     2

r4_lp43_270=
    1    -2
   -4    -3
   -1     2
    3     3
    3     3
    0    -2
   -3    -3
   -2     2

r4_lp43_271=
    1    -2
   -4    -3
   -1     2
    3     4
    3     3
    0    -2
   -3    -3
   -2     0

r4_lp43_272=
    1    -2
   -4    -3
    0     4
    3     3
    3     0
   -2    -4
    0     2

r4_lp43_273=
    1    -2
   -4    -3
    0     3
    3     3
    3     0
   -2    -4
   -2     2

r4_lp43_274=
    1    -2
   -4    -3
    0     3
    4     3
    3     0
   -2    -4
   -2     0

r4_lp43_275=
    1    -2
   -4    -3
    0     2
    4     3
    3     0
   -2    -4
   -3     0

r4_lp43_276=
    1    -2
   -4    -3
    0     2
    3     3
    3     3
    0    -2
   -4    -3
   -2     1

r4_lp43_277=
    1    -2
   -4    -3
   -2     1
    4     3
    3     3
    0    -2
   -3    -3
    0     2

r4_lp43_278=
    1    -2
   -4    -3
   -2     1
    3     3
    3     3
    0    -2
   -3    -3
   -2     2

r4_lp43_279=
    1    -2
   -4    -3
   -2     1
    3     4
    3     3
    0    -2
   -3    -3
   -2     0

r4_lp43_280=
    1    -2
   -4    -3
   -2     2
    4     3
    3     0
   -2    -3
   -3     0

r4_lp43_281=
    1    -2
   -4    -3
   -2     2
    3     3
    3     3
    0    -2
   -3    -3
   -2     1

r4_lp43_282=
    1    -2
   -4    -3
   -2     0
    4     3
    3     0
   -2    -3
   -4     0

r4_lp43_283=
    1    -2
   -4    -3
   -2     0
    3     3
    3     3
    0    -2
   -3    -4
   -2     1

r4_lp43_284=
    1    -2
   -3    -3
   -1     2
    3     4
    3     3
    3     2
   -1    -3
   -3    -2
    0     2

r4_lp43_285=
    1    -2
   -3    -3
    0     3
    4     3
    3     3
    2    -1
   -4    -2
    0     2

r4_lp43_286=
    1    -2
   -3    -3
    0     2
    4     3
    3     3
    2    -1
   -4    -3
    0     2

r4_lp43_287=
    1    -2
   -3    -3
    0     2
    3     3
    3     3
    2    -1
   -4    -3
   -2     2

r4_lp43_288=
    1    -2
   -3    -3
    0     2
    3     4
    3     3
    2    -1
   -4    -3
   -2     0

r4_lp43_289=
    1    -2
   -3    -3
   -2     2
    4     3
    3     3
    2    -1
   -3    -3
    0     2

r4_lp43_290=
    1    -2
   -3    -3
   -2     2
    3     3
    3     3
    2    -1
   -3    -3
   -2     2

r4_lp43_291=
    1    -2
   -3    -3
   -2     0
    4     3
    3     3
    2    -1
   -3    -4
    0     2

r4_lp43_292=
    1    -2
   -3    -3
   -1     2
    3     3
    3     3
    2    -2
   -3    -3
   -2     2

r4_lp43_293=
    1    -2
   -3    -3
   -1     2
    3     4
    3     3
    2    -2
   -3    -3
   -2     0

r4_lp43_294=
    1    -2
   -3    -3
    0     4
    3     3
    3     2
   -2    -4
    0     2

r4_lp43_295=
    1    -2
   -3    -3
    0     3
    3     3
    3     2
   -2    -4
   -2     2

r4_lp43_296=
    1    -2
   -3    -3
    0     3
    4     3
    3     2
   -2    -4
   -2     0

r4_lp43_297=
    1    -2
   -3    -3
    0     2
    4     3
    3     2
   -2    -4
   -3     0

r4_lp43_298=
    1    -2
   -3    -3
    0     2
    3     3
    3     3
    2    -2
   -4    -3
   -2     1

r4_lp43_299=
    1    -2
   -3    -3
   -2     1
    4     3
    3     3
    2    -2
   -3    -3
    0     2

r4_lp43_300=
    1    -2
   -3    -3
   -2     1
    3     3
    3     3
    2    -2
   -3    -3
   -2     2

r4_lp43_301=
    1    -2
   -3    -3
   -2     2
    4     3
    3     2
   -2    -3
   -3     0

r4_lp43_302=
    1    -2
   -3    -3
   -2     2
    3     3
    3     3
    2    -2
   -3    -3
   -2     1

r4_lp43_303=
    1    -2
   -3    -3
   -2     0
    4     3
    3     2
   -2    -3
   -4     0

r4_lp43_304=
    1    -2
   -3    -4
   -1     2
    3     4
    3     3
    2     0
   -3    -3
   -2     0

r4_lp43_305=
    1    -2
   -3    -4
    0     4
    3     3
    3     2
    0    -4
    0     2

r4_lp43_306=
    1    -2
   -3    -4
    0     3
    3     3
    3     2
    0    -4
   -2     2

r4_lp43_307=
    1    -2
   -3    -4
    0     3
    4     3
    3     2
    0    -4
   -2     0

r4_lp43_308=
    1    -2
   -3    -4
    0     2
    4     3
    3     2
    0    -4
   -3     0

r4_lp43_309=
    1    -2
   -3    -4
    0     2
    3     3
    3     3
    2     0
   -4    -3
   -2     1

r4_lp43_310=
    1    -2
   -3    -4
   -2     2
    4     3
    3     2
    0    -3
   -3     0

r4_lp43_311=
    1    -2
   -3    -4
   -2     0
    4     3
    3     2
    0    -3
   -4     0

r4_lp43_312=
    1    -2
   -3    -4
   -3     0
    4     3
    3     2
    0    -2
   -4     0

r4_lp43_313=
    1    -2
   -3    -4
   -3    -2
    1     4
    3     3
    2     0
   -2    -3
   -3     0

r4_lp43_314=
    2    -2
   -4     0
    4     3
    3     3
    0    -4
    0     2

r4_lp43_315=
    2    -2
   -4     0
    3     3
    3     3
    0    -4
   -2     2

r4_lp43_316=
    2    -2
   -4     0
    3     4
    3     3
    0    -4
   -2     0

r4_lp43_317=
    2    -2
   -4     0
    2     4
    3     3
    0    -4
   -3     0

r4_lp43_318=
    2    -2
   -4    -2
    2     4
    3     3
    0    -3
   -3     0

r4_lp43_319=
    0    -4
    0     4
    3     2
    4     0
   -4     0
    2     3

r4_lp43_320=
    0    -4
    0     3
    4     2
    4     0
   -4    -2
    0     3

r4_lp43_321=
    0    -4
    0     3
    4     3
    4     0
   -4    -2
    0     2

r4_lp43_322=
    0    -4
    0     2
    4     2
    4     0
   -4    -3
    0     3

r4_lp43_323=
    0    -4
   -2     0
    4     2
    4     0
   -3    -4
    0     3

r4_lp43_324=
    0    -4
   -2     0
    4     3
    4     0
   -3    -4
    0     2
