r4_lp10_1=
    2    -4
   -3    -2
    0    -2

r4_lp10_2=
   -1    -3
   -3     3
   -1    -1
   -2    -2

r4_lp10_3=
    0    -3
   -2     3
   -1    -1
   -2    -2

r4_lp10_4=
    0    -4
   -3    -1
    3    -1
    0    -1
   -2    -2

r4_lp10_5=
    0    -4
   -2     2
   -1     0
   -2    -2

r4_lp10_6=
    0    -4
   -3     1
   -1     0
   -2    -2

r4_lp10_7=
    0     3
   -3    -4
   -3    -2
   -2     0
    0    -1

r4_lp10_8=
    0    -3
   -4    -3
   -1     2
   -1     0
    0    -1
   -2    -2

r4_lp10_9=
   -1     3
   -3    -4
   -2    -2
    0     0

r4_lp10_10=
    0    -3
   -4    -3
    0    -1
    0     0
   -2    -2

r4_lp10_11=
    1     3
   -2    -4
   -3    -2
   -2     0
    0    -1

r4_lp10_12=
    0     2
   -2    -4
   -3    -2
   -2     0
    0    -1

r4_lp10_13=
    0     3
   -2    -4
   -2    -2
    0     0

r4_lp10_14=
    0    -2
   -4    -3
   -1     1
   -1     0
    0    -1
   -2    -2

r4_lp10_15=
    1    -3
   -1     3
   -1    -1
   -2    -2

r4_lp10_16=
    0     3
    1    -4
   -3    -2
   -2    -1
    0    -1

r4_lp10_17=
    1    -4
   -3    -1
    2    -1
    0    -1
   -2    -2

r4_lp10_18=
    1    -4
   -2     1
   -1     0
   -2    -2

r4_lp10_19=
    0     1
   -4    -3
   -2    -1
    0    -2

r4_lp10_20=
    1    -3
   -4    -3
    1     3
   -1     0
    0    -1
   -2    -2

r4_lp10_21=
    1    -3
   -4    -3
   -1     1
   -1     0
    0    -1
   -2    -2

r4_lp10_22=
    0     1
   -3    -4
   -2    -2
   -1     0
    0    -2

r4_lp10_23=
    1    -3
   -4    -3
   -1    -1
    0     0
   -2    -2

r4_lp10_24=
   -3    -3
    3     1
   -1    -2

r4_lp10_25=
    1    -3
   -3     2
   -1     1
   -1    -2

r4_lp10_26=
   -2     2
    3    -3
   -3    -1
   -2    -2
    1     0

r4_lp10_27=
   -1    -3
   -3     1
    2     0
    1    -1
   -2    -2

r4_lp10_28=
    1    -3
   -3    -2
    1     2
   -1     1
    0    -1
   -2    -2

r4_lp10_29=
    1    -3
   -3     1
   -1     1
   -1    -2

r4_lp10_30=
    1     3
   -3    -2
   -2    -2
    1    -1

r4_lp10_31=
    0     1
   -3    -3
   -2    -1
    1    -1

r4_lp10_32=
    0     1
   -1    -3
   -3    -2
   -2     0
    1    -1

r4_lp10_33=
    0     1
    1    -3
   -3    -2
   -2    -2
   -1     1
    0    -1

r4_lp10_34=
    0     2
   -3    -3
   -2    -2
    1    -1

r4_lp10_35=
    0     2
    1    -3
   -2    -2
   -2    -1
    1    -1

r4_lp10_36=
    0     2
    1    -3
   -3    -2
   -2    -1
    1     0

r4_lp10_37=
    0     3
   -3    -2
   -2     1

r4_lp10_38=
    1    -3
   -1     2
   -1     1
   -2    -2

r4_lp10_39=
    2    -3
   -2    -2
    1    -2

r4_lp10_40=
   -2     3
   -3    -4
   -1    -2
    1     0

r4_lp10_41=
   -1    -3
   -4    -3
    2     0
    1     0
   -1    -2

r4_lp10_42=
    1    -3
   -4    -2
    2    -1
    1     0
   -1    -2

r4_lp10_43=
    1     2
   -3    -4
   -3    -2
   -2     1
    0    -1

r4_lp10_44=
   -1    -3
   -4    -2
    1     2
    0     1
    0    -1
   -2    -2

r4_lp10_45=
    1    -3
   -4     1
    2    -1
    1     0
   -2    -2

r4_lp10_46=
    1    -3
   -4    -2
    1    -1
    1     0
   -1    -2

r4_lp10_47=
    0    -1
   -3    -4
   -3     0
   -1     0
    1     0
   -1    -2

r4_lp10_48=
    0     1
   -3    -4
   -2    -1
    1     0

r4_lp10_49=
    0    -3
   -4    -3
    0     1
   -1     1
    0    -1
   -2    -2

r4_lp10_50=
    0     2
   -3    -4
   -2    -2
    1     0

r4_lp10_51=
    0    -3
   -4    -1
    1    -1
    1     0
   -2    -2

r4_lp10_52=
    0    -3
   -4    -3
   -1     0
   -1     1
    0    -1
   -2    -2

r4_lp10_53=
    0    -1
   -3    -4
   -3    -1
   -2     0
    1     0
   -1    -2

r4_lp10_54=
    0    -1
   -3    -4
   -3    -1
   -1     0
    1     0
   -1    -2

r4_lp10_55=
    1    -3
   -4    -1
   -1     1
    0    -2

r4_lp10_56=
    0    -3
   -4    -3
   -2    -1
    1     0
   -2    -2

r4_lp10_57=
    0    -1
   -3    -4
   -3    -1
    0     1
    0    -2

r4_lp10_58=
    1    -2
   -3    -1
   -1     1
   -2    -2

r4_lp10_59=
   -2    -3
    2     3
    1    -1
   -2    -2

r4_lp10_60=
    1    -2
   -3     1
    2    -1
    1    -1
   -2    -2

r4_lp10_61=
    0     1
    1    -2
   -3    -2
   -2    -1
    1    -1

r4_lp10_62=
    0     1
   -2    -3
   -1    -2
   -1     1
   -1    -2

r4_lp10_63=
   -2    -3
   -3     3
    1     0
   -1    -2

r4_lp10_64=
    1    -2
   -3    -3
    2    -1
    1     0
   -1    -2

r4_lp10_65=
    1     2
   -2    -3
   -3    -2
   -2     1
    0    -1

r4_lp10_66=
    1    -2
   -3    -3
    1    -1
    1     0
   -1    -2

r4_lp10_67=
    0     1
   -2    -3
   -3    -2
   -1     1
    0    -1

r4_lp10_68=
    1    -2
   -3    -3
   -1    -1
    1     0
   -1    -2

r4_lp10_69=
    1    -2
   -3    -3
   -2    -1
    1     0
   -1    -2

r4_lp10_70=
    1    -2
   -3    -3
   -1     1
    0    -2

r4_lp10_71=
   -2    -4
    2     3
    1     0
   -2    -2

r4_lp10_72=
   -2    -4
   -2     3
    1     0
   -1    -2

r4_lp10_73=
    1     2
   -2    -4
   -2    -2
   -2     1
    0    -1

r4_lp10_74=
    1    -2
   -4     1
    2    -1
    1     0
   -2    -2

r4_lp10_75=
    1    -2
   -4    -1
   -1     1
    0    -2

r4_lp10_76=
   -2    -3
   -2     2
    3     1
    1    -1
   -2    -2

r4_lp10_77=
    0    -2
   -3     3
    0     1
   -1    -2

r4_lp10_78=
   -3     3
   -3     0
   -2     2

r4_lp10_79=
   -2     3
   -3    -1
   -2     2

r4_lp10_80=
    1    -3
   -2    -1
   -1     2
   -2    -2

r4_lp10_81=
    1     3
    2    -4
   -3    -2
   -2    -1
    0    -1

r4_lp10_82=
    0     2
    2    -4
   -3    -2
   -2    -1
    0    -1

r4_lp10_83=
    1     2
   -4    -3
   -1    -2
   -1     0
   -1    -2

r4_lp10_84=
    0     2
   -4    -2
   -2    -1
    0    -2

r4_lp10_85=
   -1     2
   -4    -3
   -2    -1
    0    -2

r4_lp10_86=
    1     3
    2    -3
   -3    -2
   -2    -1
    0    -1

r4_lp10_87=
    2    -3
   -4    -3
    2     3
   -1     0
    0    -1
   -2    -2

r4_lp10_88=
    1     2
    2    -3
   -4    -3
   -2    -2
   -1     0
    0    -1

r4_lp10_89=
    0     1
    2    -3
   -4    -3
   -2    -2
   -1     0
    0    -1

r4_lp10_90=
    0     2
   -3    -4
   -3    -1
   -2    -1
    0     0
   -1    -2

r4_lp10_91=
   -1     2
   -3    -4
   -2    -2
   -1     0
    0    -2

r4_lp10_92=
    2    -3
   -4    -3
   -2    -1
    0     0
   -2    -2

r4_lp10_93=
   -2    -3
    2     1
   -2    -1

r4_lp10_94=
    2     3
    3    -4
   -3    -2
   -2    -1
    0    -1

r4_lp10_95=
    1     2
    3    -4
   -3    -2
   -2    -1
    0    -1

r4_lp10_96=
    0     1
    3    -4
   -3    -2
   -2    -1
    0    -1

r4_lp10_97=
    0     3
   -4    -3
   -1    -2
   -1     0
   -1    -2

r4_lp10_98=
   -1     3
   -4    -2
   -2    -1
    0    -2

r4_lp10_99=
   -2     3
   -4    -3
   -2    -1
    0    -2

r4_lp10_100=
    2     3
    3    -3
   -3    -2
   -2    -1
    0    -1

r4_lp10_101=
    3    -4
    2     3
    0     0
   -1    -1

r4_lp10_102=
    3    -3
   -4     3
    0     1
    0    -1

r4_lp10_103=
    3    -3
   -4     2
    0     1
    0    -1

r4_lp10_104=
    3    -3
   -4     0
    0     1
    0    -1

r4_lp10_105=
    3    -3
   -4    -1
    0     1
    0    -1

r4_lp10_106=
    3    -3
   -4    -2
    0     1
    0    -1

r4_lp10_107=
    3    -3
   -4    -3
    0     1
    0    -1

r4_lp10_108=
    2    -4
    3     3
    1     0
   -1     0

r4_lp10_109=
    4    -4
    3     0
    0    -1

r4_lp10_110=
    4    -3
   -3     0
    1    -1
