r4_lp42_1=
    1    -1
   -2    -3
   -4    -3
   -2     0
    2     3
    4     2
    3     3
    2     0
   -2    -3
   -4    -3
   -2     0

r4_lp42_2=
    1    -2
   -3    -4
   -3    -2
    0     2
    3     4
    3     2
    3     2
    0    -2
   -3    -4
   -3    -2
    0     1

r4_lp42_3=
    3    -1
   -3    -4
   -3    -2
    0     2
    3     4
    1     3
    2     0
   -2    -3
   -4    -3
   -2     0

r4_lp42_4=
    3    -1
   -2    -4
   -3    -2
    0     2
    3     4
    1     3
    3     0
   -2    -3
   -4    -3
   -2     0

r4_lp42_5=
    3    -1
   -2    -3
   -3    -2
    0     2
    3     4
    1     3
    3     2
   -2    -3
   -4    -3
   -2     0

r4_lp42_6=
    3    -1
   -2    -3
   -4    -2
    0     2
    3     4
    1     3
    3     2
    0    -3
   -4    -3
   -2     0

r4_lp42_7=
    3    -1
   -2    -3
   -4    -3
    0     2
    3     4
    1     3
    3     2
    0    -2
   -4    -3
   -2     0

r4_lp42_8=
    3    -1
   -2    -3
   -4    -3
   -2     2
    3     4
    1     3
    3     2
    0    -2
   -3    -3
   -2     0

r4_lp42_9=
    3    -1
   -2    -3
   -4    -3
   -2     0
    3     4
    1     3
    3     2
    0    -2
   -3    -4
   -2     0

r4_lp42_10=
    3    -1
   -2    -3
   -4    -3
   -2     0
    2     4
    1     3
    3     2
    0    -2
   -3    -4
   -3     0

r4_lp42_11=
    3    -1
   -2    -3
   -4    -3
   -2     0
    2     3
    1     3
    3     2
    0    -2
   -3    -4
   -3    -2

r4_lp42_12=
    2    -3
   -4    -3
   -2     0
    2     3
    4     2
    2     0
   -2    -3
   -4    -3
   -2     0

r4_lp42_13=
    2    -2
   -4    -3
   -2     0
    2     3
    4     2
    3     0
   -2    -3
   -4    -3
   -2     0

r4_lp42_14=
    2    -2
   -3    -3
   -2     0
    2     3
    4     2
    3     2
   -2    -3
   -4    -3
   -2     0

r4_lp42_15=
    2    -2
   -3    -4
   -2     0
    2     3
    4     2
    3     2
    0    -3
   -4    -3
   -2     0

r4_lp42_16=
    2    -2
   -3    -4
   -3     0
    2     3
    4     2
    3     2
    0    -2
   -4    -3
   -2     0

r4_lp42_17=
    2    -2
   -3    -4
   -3    -2
    2     3
    4     2
    3     2
    0    -2
   -3    -3
   -2     0

r4_lp42_18=
    2    -2
   -3    -4
   -3    -2
    0     3
    4     2
    3     2
    0    -2
   -3    -4
   -2     0

r4_lp42_19=
    2    -2
   -3    -4
   -3    -2
    0     2
    4     2
    3     2
    0    -2
   -3    -4
   -3     0

r4_lp42_20=
    2    -2
   -3    -4
   -3    -2
    0     2
    3     3
    2     3
    2     0
   -2    -3
   -4    -3
   -2     1

r4_lp42_21=
    2    -1
   -4    -3
   -2     0
    2     3
    4     2
    3     0
   -2    -3
   -4    -3
   -2     0

r4_lp42_22=
    2    -1
   -3    -3
   -2     0
    2     3
    4     2
    3     2
   -2    -3
   -4    -3
   -2     0

r4_lp42_23=
    2    -1
   -3    -4
   -2     0
    2     3
    4     2
    3     2
    0    -3
   -4    -3
   -2     0

r4_lp42_24=
    2    -1
   -3    -4
   -3     0
    2     3
    4     2
    3     2
    0    -2
   -4    -3
   -2     0

r4_lp42_25=
    2    -1
   -3    -4
   -3    -2
    2     3
    4     2
    3     2
    0    -2
   -3    -3
   -2     0

r4_lp42_26=
    2    -1
   -3    -4
   -3    -2
    0     3
    4     2
    3     2
    0    -2
   -3    -4
   -2     0

r4_lp42_27=
    2    -1
   -3    -4
   -3    -2
    0     2
    4     2
    3     2
    0    -2
   -3    -4
   -3     0

r4_lp42_28=
    2    -1
   -3    -4
   -3    -2
    0     2
    3     3
    2     3
    2     0
   -2    -3
   -4    -3
   -2     1

r4_lp42_29=
    2    -1
   -2    -3
   -3    -2
    0     2
    3     4
    2     3
    3     1
   -2    -3
   -4    -3
   -2     0

r4_lp42_30=
    2    -1
   -2    -4
   -2     0
    2     3
    4     2
    3     3
    0    -3
   -4    -3
   -2     0

r4_lp42_31=
    2    -1
   -2    -4
   -3     0
    2     3
    4     2
    3     3
    0    -2
   -4    -3
   -2     0

r4_lp42_32=
    2    -1
   -2    -4
   -3    -2
    2     3
    4     2
    3     3
    0    -2
   -3    -3
   -2     0

r4_lp42_33=
    2    -1
   -2    -4
   -3    -2
    0     3
    4     2
    3     3
    0    -2
   -3    -4
   -2     0

r4_lp42_34=
    2    -1
   -2    -4
   -3    -2
    0     2
    4     2
    3     3
    0    -2
   -3    -4
   -3     0

r4_lp42_35=
    2    -1
   -2    -4
   -3    -2
    0     2
    3     3
    2     3
    3     0
   -2    -3
   -4    -3
   -2     1

r4_lp42_36=
    2    -1
   -2    -3
   -3    -2
    0     2
    3     4
    2     3
    3     2
   -1    -3
   -4    -3
   -2     0

r4_lp42_37=
    2    -1
   -2    -3
   -3     0
    2     3
    4     2
    3     3
    2    -2
   -4    -3
   -2     0

r4_lp42_38=
    2    -1
   -2    -3
   -3    -2
    2     3
    4     2
    3     3
    2    -2
   -3    -3
   -2     0

r4_lp42_39=
    2    -1
   -2    -3
   -3    -2
    0     3
    4     2
    3     3
    2    -2
   -3    -4
   -2     0

r4_lp42_40=
    2    -1
   -2    -3
   -3    -2
    0     2
    4     2
    3     3
    2    -2
   -3    -4
   -3     0

r4_lp42_41=
    2    -1
   -2    -3
   -3    -2
    0     2
    3     3
    2     3
    3     2
   -2    -3
   -4    -3
   -2     1

r4_lp42_42=
    2    -1
   -2    -3
   -4     0
    2     3
    4     2
    3     3
    2     0
   -4    -3
   -2     0

r4_lp42_43=
    2    -1
   -2    -3
   -4    -2
    2     3
    4     2
    3     3
    2     0
   -3    -3
   -2     0

r4_lp42_44=
    2    -1
   -2    -3
   -4    -2
    0     3
    4     2
    3     3
    2     0
   -3    -4
   -2     0

r4_lp42_45=
    2    -1
   -2    -3
   -4    -2
    0     2
    4     2
    3     3
    2     0
   -3    -4
   -3     0

r4_lp42_46=
    2    -1
   -2    -3
   -4    -2
    0     2
    3     3
    2     3
    3     2
    0    -3
   -4    -3
   -2     1

r4_lp42_47=
    2    -1
   -2    -3
   -4    -3
   -1     2
    3     4
    2     3
    3     2
    0    -2
   -3    -3
   -2     0

r4_lp42_48=
    2    -1
   -2    -3
   -4    -3
    0     3
    4     2
    3     3
    2     0
   -2    -4
   -2     0

r4_lp42_49=
    2    -1
   -2    -3
   -4    -3
    0     2
    4     2
    3     3
    2     0
   -2    -4
   -3     0

r4_lp42_50=
    2    -1
   -2    -3
   -4    -3
    0     2
    3     3
    2     3
    3     2
    0    -2
   -4    -3
   -2     1

r4_lp42_51=
    2    -1
   -2    -3
   -4    -3
   -2     1
    3     4
    2     3
    3     2
    0    -2
   -3    -3
   -2     0

r4_lp42_52=
    2    -1
   -2    -3
   -4    -3
   -2     2
    4     2
    3     3
    2     0
   -2    -3
   -3     0

r4_lp42_53=
    2    -1
   -2    -3
   -4    -3
   -2     2
    3     3
    2     3
    3     2
    0    -2
   -3    -3
   -2     1

r4_lp42_54=
    2    -1
   -2    -3
   -4    -3
   -2     0
    4     2
    3     3
    2     0
   -2    -3
   -4     0

r4_lp42_55=
    2    -1
   -2    -3
   -4    -3
   -2     0
    3     3
    2     3
    3     2
    0    -2
   -3    -4
   -2     1

r4_lp42_56=
    2    -1
   -2    -3
   -4    -3
   -2     0
    2     3
    3     2
    3     3
    2     0
   -2    -3
   -4    -3
   -1     1

r4_lp42_57=
    2    -1
   -2    -3
   -4    -3
   -2     0
    2     3
    3     2
    3     3
    2     0
   -2    -3
   -4    -3
   -2     0

r4_lp42_58=
    3    -3
   -3    -2
    0     2
    3     4
    2     2
   -2    -3
   -4    -3
   -2     0

r4_lp42_59=
    3    -3
   -4    -2
    0     2
    3     4
    2     2
    0    -3
   -4    -3
   -2     0

r4_lp42_60=
    3    -3
   -4    -3
    0     2
    3     4
    2     2
    0    -2
   -4    -3
   -2     0

r4_lp42_61=
    3    -3
   -4    -3
   -2     2
    3     4
    2     2
    0    -2
   -3    -3
   -2     0

r4_lp42_62=
    3    -2
   -3    -3
   -2     0
    2     3
    4     2
    3     1
   -2    -3
   -4    -3
   -2     0

r4_lp42_63=
    3    -2
   -4    -2
    0     2
    3     4
    2     3
    0    -3
   -4    -3
   -2     0

r4_lp42_64=
    3    -2
   -4    -3
    0     2
    3     4
    2     3
    0    -2
   -4    -3
   -2     0

r4_lp42_65=
    3    -2
   -4    -3
   -2     2
    3     4
    2     3
    0    -2
   -3    -3
   -2     0

r4_lp42_66=
    3    -2
   -4    -3
   -2     0
    3     4
    2     3
    0    -2
   -3    -4
   -2     0

r4_lp42_67=
    3    -2
   -4    -3
   -2     0
    2     4
    2     3
    0    -2
   -3    -4
   -3     0

r4_lp42_68=
    3    -2
   -4    -3
   -2     0
    2     3
    2     3
    0    -2
   -3    -4
   -3    -2

r4_lp42_69=
    3    -2
   -3    -3
   -2     0
    2     3
    4     2
    3     2
   -1    -3
   -4    -3
   -2     0

r4_lp42_70=
    3    -2
   -3    -3
    0     2
    3     4
    2     3
    2    -2
   -4    -3
   -2     0

r4_lp42_71=
    3    -2
   -3    -3
   -2     2
    3     4
    2     3
    2    -2
   -3    -3
   -2     0

r4_lp42_72=
    3    -2
   -3    -3
   -2     0
    3     4
    2     3
    2    -2
   -3    -4
   -2     0

r4_lp42_73=
    3    -2
   -3    -3
   -2     0
    2     4
    2     3
    2    -2
   -3    -4
   -3     0

r4_lp42_74=
    3    -2
   -3    -3
   -2     0
    2     3
    2     3
    2    -2
   -3    -4
   -3    -2

r4_lp42_75=
    3    -2
   -3    -4
    0     2
    3     4
    2     3
    2     0
   -4    -3
   -2     0

r4_lp42_76=
    3    -2
   -3    -4
   -2     2
    3     4
    2     3
    2     0
   -3    -3
   -2     0

r4_lp42_77=
    3    -2
   -3    -4
   -2     0
    3     4
    2     3
    2     0
   -3    -4
   -2     0

r4_lp42_78=
    3    -2
   -3    -4
   -2     0
    2     4
    2     3
    2     0
   -3    -4
   -3     0

r4_lp42_79=
    3    -2
   -3    -4
   -2     0
    2     3
    2     3
    2     0
   -3    -4
   -3    -2

r4_lp42_80=
    3    -2
   -3    -4
   -3    -1
    2     3
    4     2
    3     2
    0    -2
   -3    -3
   -2     0

r4_lp42_81=
    3    -2
   -3    -4
   -3     0
    3     4
    2     3
    2     0
   -2    -4
   -2     0

r4_lp42_82=
    3    -2
   -3    -4
   -3     0
    2     4
    2     3
    2     0
   -2    -4
   -3     0

r4_lp42_83=
    3    -2
   -3    -4
   -3     0
    2     3
    2     3
    2     0
   -2    -4
   -3    -2

r4_lp42_84=
    3    -2
   -3    -4
   -3    -2
    1     3
    4     2
    3     2
    0    -2
   -3    -3
   -2     0

r4_lp42_85=
    3    -2
   -3    -4
   -3    -2
    2     4
    2     3
    2     0
   -2    -3
   -3     0

r4_lp42_86=
    3    -2
   -3    -4
   -3    -2
    2     3
    2     3
    2     0
   -2    -3
   -3    -2

r4_lp42_87=
    3    -2
   -3    -4
   -3    -2
    0     4
    2     3
    2     0
   -2    -3
   -4     0

r4_lp42_88=
    3    -2
   -3    -4
   -3    -2
    0     3
    2     3
    2     0
   -2    -3
   -4    -2

r4_lp42_89=
    3    -2
   -3    -4
   -3    -2
    0     2
    3     2
    3     2
    0    -2
   -3    -4
   -3    -1

r4_lp42_90=
    3    -1
   -3    -3
   -2     0
    2     3
    4     2
    3     1
   -2    -3
   -4    -3
   -2     0

r4_lp42_91=
    3    -1
   -4    -2
    0     2
    3     4
    2     3
    0    -3
   -4    -3
   -2     0

r4_lp42_92=
    3    -1
   -4    -3
    0     2
    3     4
    2     3
    0    -2
   -4    -3
   -2     0

r4_lp42_93=
    3    -1
   -4    -3
   -2     2
    3     4
    2     3
    0    -2
   -3    -3
   -2     0

r4_lp42_94=
    3    -1
   -4    -3
   -2     0
    3     4
    2     3
    0    -2
   -3    -4
   -2     0

r4_lp42_95=
    3    -1
   -4    -3
   -2     0
    2     4
    2     3
    0    -2
   -3    -4
   -3     0

r4_lp42_96=
    3    -1
   -4    -3
   -2     0
    2     3
    2     3
    0    -2
   -3    -4
   -3    -2

r4_lp42_97=
    3    -1
   -3    -3
   -2     0
    2     3
    4     2
    3     2
   -1    -3
   -4    -3
   -2     0

r4_lp42_98=
    3    -1
   -3    -3
    0     2
    3     4
    2     3
    2    -2
   -4    -3
   -2     0

r4_lp42_99=
    3    -1
   -3    -3
   -2     2
    3     4
    2     3
    2    -2
   -3    -3
   -2     0

r4_lp42_100=
    3    -1
   -3    -3
   -2     0
    3     4
    2     3
    2    -2
   -3    -4
   -2     0

r4_lp42_101=
    3    -1
   -3    -3
   -2     0
    2     4
    2     3
    2    -2
   -3    -4
   -3     0

r4_lp42_102=
    3    -1
   -3    -3
   -2     0
    2     3
    2     3
    2    -2
   -3    -4
   -3    -2

r4_lp42_103=
    3    -1
   -3    -4
    0     2
    3     4
    2     3
    2     0
   -4    -3
   -2     0

r4_lp42_104=
    3    -1
   -3    -4
   -2     2
    3     4
    2     3
    2     0
   -3    -3
   -2     0

r4_lp42_105=
    3    -1
   -3    -4
   -2     0
    3     4
    2     3
    2     0
   -3    -4
   -2     0

r4_lp42_106=
    3    -1
   -3    -4
   -2     0
    2     4
    2     3
    2     0
   -3    -4
   -3     0

r4_lp42_107=
    3    -1
   -3    -4
   -2     0
    2     3
    2     3
    2     0
   -3    -4
   -3    -2

r4_lp42_108=
    3    -1
   -3    -4
   -3    -1
    2     3
    4     2
    3     2
    0    -2
   -3    -3
   -2     0

r4_lp42_109=
    3    -1
   -3    -4
   -3     0
    3     4
    2     3
    2     0
   -2    -4
   -2     0

r4_lp42_110=
    3    -1
   -3    -4
   -3     0
    2     4
    2     3
    2     0
   -2    -4
   -3     0

r4_lp42_111=
    3    -1
   -3    -4
   -3     0
    2     3
    2     3
    2     0
   -2    -4
   -3    -2

r4_lp42_112=
    3    -1
   -3    -4
   -3    -2
    1     3
    4     2
    3     2
    0    -2
   -3    -3
   -2     0

r4_lp42_113=
    3    -1
   -3    -4
   -3    -2
    2     4
    2     3
    2     0
   -2    -3
   -3     0

r4_lp42_114=
    3    -1
   -3    -4
   -3    -2
    2     3
    2     3
    2     0
   -2    -3
   -3    -2

r4_lp42_115=
    3    -1
   -3    -4
   -3    -2
    0     4
    2     3
    2     0
   -2    -3
   -4     0

r4_lp42_116=
    3    -1
   -3    -4
   -3    -2
    0     3
    2     3
    2     0
   -2    -3
   -4    -2

r4_lp42_117=
    3    -1
   -3    -4
   -3    -2
    0     2
    3     2
    3     2
    0    -2
   -3    -4
   -3    -1

r4_lp42_118=
    3    -1
   -2    -3
   -3    -2
    0     2
    3     4
    2     3
    3     0
   -2    -3
   -4    -3
   -2     0

r4_lp42_119=
    3    -1
   -2    -3
   -3    -2
    0     2
    3     4
    2     3
    3     1
   -1    -3
   -4    -3
   -2     0

r4_lp42_120=
    3    -1
   -2    -3
   -3     0
    2     3
    4     2
    3     3
    1    -2
   -4    -3
   -2     0

r4_lp42_121=
    3    -1
   -2    -3
   -3    -2
    2     3
    4     2
    3     3
    1    -2
   -3    -3
   -2     0

r4_lp42_122=
    3    -1
   -2    -3
   -3    -2
    0     3
    4     2
    3     3
    1    -2
   -3    -4
   -2     0

r4_lp42_123=
    3    -1
   -2    -3
   -3    -2
    0     2
    4     2
    3     3
    1    -2
   -3    -4
   -3     0

r4_lp42_124=
    3    -1
   -2    -3
   -3    -2
    0     2
    3     2
    3     3
    1    -2
   -3    -4
   -3    -2

r4_lp42_125=
    3    -1
   -2    -4
    0     2
    3     4
    2     3
    3     0
   -4    -3
   -2     0

r4_lp42_126=
    3    -1
   -2    -4
   -2     2
    3     4
    2     3
    3     0
   -3    -3
   -2     0

r4_lp42_127=
    3    -1
   -2    -4
   -2     0
    3     4
    2     3
    3     0
   -3    -4
   -2     0

r4_lp42_128=
    3    -1
   -2    -4
   -2     0
    2     4
    2     3
    3     0
   -3    -4
   -3     0

r4_lp42_129=
    3    -1
   -2    -4
   -2     0
    2     3
    2     3
    3     0
   -3    -4
   -3    -2

r4_lp42_130=
    3    -1
   -2    -4
   -3    -1
    2     3
    4     2
    3     3
    0    -2
   -3    -3
   -2     0

r4_lp42_131=
    3    -1
   -2    -4
   -3     0
    3     4
    2     3
    3     0
   -2    -4
   -2     0

r4_lp42_132=
    3    -1
   -2    -4
   -3     0
    2     4
    2     3
    3     0
   -2    -4
   -3     0

r4_lp42_133=
    3    -1
   -2    -4
   -3     0
    2     3
    2     3
    3     0
   -2    -4
   -3    -2

r4_lp42_134=
    3    -1
   -2    -4
   -3    -2
    1     3
    4     2
    3     3
    0    -2
   -3    -3
   -2     0

r4_lp42_135=
    3    -1
   -2    -4
   -3    -2
    2     4
    2     3
    3     0
   -2    -3
   -3     0

r4_lp42_136=
    3    -1
   -2    -4
   -3    -2
    2     3
    2     3
    3     0
   -2    -3
   -3    -2

r4_lp42_137=
    3    -1
   -2    -4
   -3    -2
    0     4
    2     3
    3     0
   -2    -3
   -4     0

r4_lp42_138=
    3    -1
   -2    -4
   -3    -2
    0     3
    2     3
    3     0
   -2    -3
   -4    -2

r4_lp42_139=
    3    -1
   -2    -4
   -3    -2
    0     2
    3     2
    3     3
    0    -2
   -3    -4
   -3    -1

r4_lp42_140=
    3    -1
   -2    -3
   -3    -2
    0     2
    3     4
    2     3
    3     2
    0    -3
   -4    -3
   -2     0

r4_lp42_141=
    3    -1
   -2    -3
   -3     0
    2     3
    4     2
    3     3
    2    -1
   -4    -3
   -2     0

r4_lp42_142=
    3    -1
   -2    -3
   -3    -2
    2     3
    4     2
    3     3
    2    -1
   -3    -3
   -2     0

r4_lp42_143=
    3    -1
   -2    -3
   -3    -2
    0     3
    4     2
    3     3
    2    -1
   -3    -4
   -2     0

r4_lp42_144=
    3    -1
   -2    -3
   -3    -2
    0     2
    4     2
    3     3
    2    -1
   -3    -4
   -3     0

r4_lp42_145=
    3    -1
   -2    -3
   -3    -2
    0     2
    3     2
    3     3
    2    -1
   -3    -4
   -3    -2

r4_lp42_146=
    3    -1
   -2    -3
   -3    -1
    2     3
    4     2
    3     3
    2    -2
   -3    -3
   -2     0

r4_lp42_147=
    3    -1
   -2    -3
   -3     0
    3     4
    2     3
    3     2
   -2    -4
   -2     0

r4_lp42_148=
    3    -1
   -2    -3
   -3     0
    2     4
    2     3
    3     2
   -2    -4
   -3     0

r4_lp42_149=
    3    -1
   -2    -3
   -3     0
    2     3
    2     3
    3     2
   -2    -4
   -3    -2

r4_lp42_150=
    3    -1
   -2    -3
   -3    -2
    1     3
    4     2
    3     3
    2    -2
   -3    -3
   -2     0

r4_lp42_151=
    3    -1
   -2    -3
   -3    -2
    2     4
    2     3
    3     2
   -2    -3
   -3     0

r4_lp42_152=
    3    -1
   -2    -3
   -3    -2
    2     3
    2     3
    3     2
   -2    -3
   -3    -2

r4_lp42_153=
    3    -1
   -2    -3
   -3    -2
    0     4
    2     3
    3     2
   -2    -3
   -4     0

r4_lp42_154=
    3    -1
   -2    -3
   -3    -2
    0     3
    2     3
    3     2
   -2    -3
   -4    -2

r4_lp42_155=
    3    -1
   -2    -3
   -3    -2
    0     2
    3     2
    3     3
    2    -2
   -3    -4
   -3    -1

r4_lp42_156=
    3    -1
   -2    -3
   -4    -1
    2     3
    4     2
    3     3
    2     0
   -3    -3
   -2     0

r4_lp42_157=
    3    -1
   -2    -3
   -4     0
    3     4
    2     3
    3     2
    0    -4
   -2     0

r4_lp42_158=
    3    -1
   -2    -3
   -4     0
    2     4
    2     3
    3     2
    0    -4
   -3     0

r4_lp42_159=
    3    -1
   -2    -3
   -4     0
    2     3
    2     3
    3     2
    0    -4
   -3    -2

r4_lp42_160=
    3    -1
   -2    -3
   -4    -2
    1     3
    4     2
    3     3
    2     0
   -3    -3
   -2     0

r4_lp42_161=
    3    -1
   -2    -3
   -4    -2
    2     4
    2     3
    3     2
    0    -3
   -3     0

r4_lp42_162=
    3    -1
   -2    -3
   -4    -2
    2     3
    2     3
    3     2
    0    -3
   -3    -2

r4_lp42_163=
    3    -1
   -2    -3
   -4    -2
    0     4
    2     3
    3     2
    0    -3
   -4     0

r4_lp42_164=
    3    -1
   -2    -3
   -4    -2
    0     3
    2     3
    3     2
    0    -3
   -4    -2

r4_lp42_165=
    3    -1
   -2    -3
   -4    -2
    0     2
    3     2
    3     3
    2     0
   -3    -4
   -3    -1

r4_lp42_166=
    3    -1
   -2    -3
   -4    -3
    0     2
    3     4
    2     3
    3     2
    0    -2
   -3    -3
   -2     0

r4_lp42_167=
    3    -1
   -2    -3
   -4    -3
   -1     1
    3     4
    2     3
    3     2
    0    -2
   -3    -3
   -2     0

r4_lp42_168=
    3    -1
   -2    -3
   -4    -3
   -1     2
    4     2
    3     3
    2     0
   -2    -3
   -3     0

r4_lp42_169=
    3    -1
   -2    -3
   -4    -3
   -1     2
    3     2
    3     3
    2     0
   -2    -3
   -3    -2

r4_lp42_170=
    3    -1
   -2    -3
   -4    -3
    0     4
    2     3
    3     2
    0    -2
   -4     0

r4_lp42_171=
    3    -1
   -2    -3
   -4    -3
    0     3
    2     3
    3     2
    0    -2
   -4    -2

r4_lp42_172=
    3    -1
   -2    -3
   -4    -3
    0     2
    3     2
    3     3
    2     0
   -2    -4
   -3    -1

r4_lp42_173=
    3    -1
   -2    -3
   -4    -3
   -2     0
    3     4
    2     3
    3     2
    0    -2
   -3    -3
   -2     0

r4_lp42_174=
    3    -1
   -2    -3
   -4    -3
   -2     1
    4     2
    3     3
    2     0
   -2    -3
   -3     0

r4_lp42_175=
    3    -1
   -2    -3
   -4    -3
   -2     1
    3     2
    3     3
    2     0
   -2    -3
   -3    -2

r4_lp42_176=
    3    -1
   -2    -3
   -4    -3
   -2     2
    3     2
    3     3
    2     0
   -2    -3
   -3    -1

r4_lp42_177=
    3    -1
   -2    -3
   -4    -3
   -2     0
    3     2
    3     3
    2     0
   -2    -3
   -4    -1

r4_lp42_178=
    3     3
   -1    -2
   -3    -4
   -3    -2
    0     2
    0     2
    3     3
    2     0
   -2    -3
   -4    -3

r4_lp42_179=
    0    -3
   -4    -3
   -2     0
    2     3
    4     3
    3     1
    0    -2
   -3    -4
   -3    -2
    0     2

r4_lp42_180=
    0    -2
   -3    -3
   -2     0
    2     3
    4     3
    3     2
    1    -2
   -3    -4
   -3    -2
    0     2

r4_lp42_181=
    0    -2
   -4    -2
    0     2
    3     4
    3     3
    2     0
   -3    -4
   -3    -2
    0     2

r4_lp42_182=
    0    -2
   -4    -3
    0     2
    3     4
    3     3
    2     0
   -2    -4
   -3    -2
    0     2

r4_lp42_183=
    0    -2
   -4    -3
   -2     2
    3     4
    3     3
    2     0
   -2    -3
   -3    -2
    0     2

r4_lp42_184=
    0    -2
   -4    -3
   -2     0
    3     4
    3     3
    2     0
   -2    -3
   -4    -2
    0     2

r4_lp42_185=
    0    -2
   -4    -3
   -2     0
    2     4
    3     3
    2     0
   -2    -3
   -4    -3
    0     2

r4_lp42_186=
    0    -2
   -4    -3
   -2     0
    2     3
    3     3
    2     0
   -2    -3
   -4    -3
   -2     2

r4_lp42_187=
    0    -2
   -4    -3
   -2     0
    2     3
    4     2
    3     2
    0    -2
   -3    -4
   -3    -2
    0     2

r4_lp42_188=
    0    -3
   -3    -2
    0     2
    3     4
    3     3
    2    -1
   -3    -4
   -3    -2
    0     2

r4_lp42_189=
    0    -3
   -3     0
    2     3
    4     3
    3     2
   -2    -4
   -3    -2
    0     2

r4_lp42_190=
    0    -3
   -3    -2
    2     3
    4     3
    3     2
   -2    -3
   -3    -2
    0     2

r4_lp42_191=
    0    -3
   -3    -2
    0     3
    4     3
    3     2
   -2    -3
   -4    -2
    0     2

r4_lp42_192=
    0    -3
   -3    -2
    0     2
    4     3
    3     2
   -2    -3
   -4    -3
    0     2

r4_lp42_193=
    0    -3
   -3    -2
    0     2
    3     3
    3     2
   -2    -3
   -4    -3
   -2     2

r4_lp42_194=
    0    -3
   -4     0
    2     3
    4     3
    3     2
    0    -4
   -3    -2
    0     2

r4_lp42_195=
    0    -3
   -4    -2
    2     3
    4     3
    3     2
    0    -3
   -3    -2
    0     2

r4_lp42_196=
    0    -3
   -4    -2
    0     3
    4     3
    3     2
    0    -3
   -4    -2
    0     2

r4_lp42_197=
    0    -3
   -4    -2
    0     2
    4     3
    3     2
    0    -3
   -4    -3
    0     2

r4_lp42_198=
    0    -3
   -4    -3
   -1     2
    3     4
    3     3
    2     0
   -2    -3
   -3    -2
    0     2

r4_lp42_199=
    0    -3
   -4    -3
    0     3
    4     3
    3     2
    0    -2
   -4    -2
    0     2

r4_lp42_200=
    0    -1
   -2    -3
   -3    -2
    0     2
    3     4
    3     3
    3     2
    0    -2
   -3    -4
   -3    -2
    0     2

r4_lp42_201=
    0    -1
   -3    -3
   -2     0
    2     3
    4     3
    3     3
    1    -1
   -3    -4
   -3    -2
    0     2

r4_lp42_202=
    0    -1
   -3    -3
    0     2
    3     4
    3     3
    3     1
   -2    -4
   -3    -2
    0     2

r4_lp42_203=
    0    -1
   -3    -3
   -2     2
    3     4
    3     3
    3     1
   -2    -3
   -3    -2
    0     2

r4_lp42_204=
    0    -1
   -3    -3
   -2     0
    3     4
    3     3
    3     1
   -2    -3
   -4    -2
    0     2

r4_lp42_205=
    0    -1
   -3    -3
   -2     0
    2     4
    3     3
    3     1
   -2    -3
   -4    -3
    0     2

r4_lp42_206=
    0    -1
   -3    -3
   -2     0
    2     3
    3     3
    3     1
   -2    -3
   -4    -3
   -2     2

r4_lp42_207=
    0    -1
   -3    -3
   -2     0
    2     3
    4     2
    3     3
    1    -2
   -3    -4
   -3    -2
    0     2

r4_lp42_208=
    0    -1
   -4     0
    2     3
    4     3
    3     3
    0    -4
   -3    -2
    0     2

r4_lp42_209=
    0    -1
   -4    -2
    2     3
    4     3
    3     3
    0    -3
   -3    -2
    0     2

r4_lp42_210=
    0    -1
   -4    -2
    0     3
    4     3
    3     3
    0    -3
   -4    -2
    0     2

r4_lp42_211=
    0    -1
   -4    -2
    0     2
    4     3
    3     3
    0    -3
   -4    -3
    0     2

r4_lp42_212=
    0    -1
   -4    -2
    0     2
    3     3
    3     3
    0    -3
   -4    -3
   -2     2

r4_lp42_213=
    0    -1
   -4    -2
    0     2
    3     4
    2     3
    3     0
   -3    -4
   -3    -2
    0     2

r4_lp42_214=
    0    -1
   -4    -3
   -1     2
    3     4
    3     3
    3     0
   -2    -3
   -3    -2
    0     2

r4_lp42_215=
    0    -1
   -4    -3
    0     3
    4     3
    3     3
    0    -2
   -4    -2
    0     2

r4_lp42_216=
    0    -1
   -4    -3
    0     2
    4     3
    3     3
    0    -2
   -4    -3
    0     2

r4_lp42_217=
    0    -1
   -4    -3
    0     2
    3     3
    3     3
    0    -2
   -4    -3
   -2     2

r4_lp42_218=
    0    -1
   -4    -3
    0     2
    3     4
    2     3
    3     0
   -2    -4
   -3    -2
    0     2

r4_lp42_219=
    0    -1
   -4    -3
   -2     1
    3     4
    3     3
    3     0
   -2    -3
   -3    -2
    0     2

r4_lp42_220=
    0    -1
   -4    -3
   -2     2
    4     3
    3     3
    0    -2
   -3    -3
    0     2

r4_lp42_221=
    0    -1
   -4    -3
   -2     2
    3     3
    3     3
    0    -2
   -3    -3
   -2     2

r4_lp42_222=
    0    -1
   -4    -3
   -2     2
    3     4
    2     3
    3     0
   -2    -3
   -3    -2
    0     2

r4_lp42_223=
    0    -1
   -4    -3
   -2     0
    4     3
    3     3
    0    -2
   -3    -4
    0     2

r4_lp42_224=
    0    -1
   -4    -3
   -2     0
    3     3
    3     3
    0    -2
   -3    -4
   -2     2

r4_lp42_225=
    0    -1
   -4    -3
   -2     0
    3     4
    2     3
    3     0
   -2    -3
   -4    -2
    0     2

r4_lp42_226=
    0    -1
   -4    -3
   -2     0
    2     3
    3     3
    3     0
   -2    -3
   -4    -3
   -1     2

r4_lp42_227=
    0    -1
   -4    -3
   -2     0
    2     4
    2     3
    3     0
   -2    -3
   -4    -3
    0     2

r4_lp42_228=
    0    -1
   -4    -3
   -2     0
    2     3
    3     2
    3     3
    0    -2
   -3    -4
   -3    -2
    1     2

r4_lp42_229=
    0    -1
   -4    -3
   -2     0
    2     3
    4     3
    3     3
    0    -2
   -3    -4
   -3    -2
    0     1

r4_lp42_230=
    0    -1
   -3    -3
   -2     0
    2     3
    4     3
    3     3
    2     0
   -3    -4
   -3    -2
    0     2

r4_lp42_231=
    0    -1
   -3    -3
    0     2
    3     4
    3     3
    3     2
   -1    -4
   -3    -2
    0     2

r4_lp42_232=
    0    -1
   -3    -3
   -2     2
    3     4
    3     3
    3     2
   -1    -3
   -3    -2
    0     2

r4_lp42_233=
    0    -1
   -3    -3
   -2     0
    3     4
    3     3
    3     2
   -1    -3
   -4    -2
    0     2

r4_lp42_234=
    0    -1
   -3    -3
   -2     0
    2     4
    3     3
    3     2
   -1    -3
   -4    -3
    0     2

r4_lp42_235=
    0    -1
   -3    -3
   -2     0
    2     3
    3     3
    3     2
   -1    -3
   -4    -3
   -2     2

r4_lp42_236=
    0    -1
   -3    -3
   -2     0
    2     3
    4     2
    3     3
    2    -1
   -3    -4
   -3    -2
    0     2

r4_lp42_237=
    0    -1
   -3    -3
   -1     2
    3     4
    3     3
    3     2
   -2    -3
   -3    -2
    0     2

r4_lp42_238=
    0    -1
   -3    -3
    0     3
    4     3
    3     3
    2    -2
   -4    -2
    0     2

r4_lp42_239=
    0    -1
   -3    -3
    0     2
    4     3
    3     3
    2    -2
   -4    -3
    0     2

r4_lp42_240=
    0    -1
   -3    -3
    0     2
    3     3
    3     3
    2    -2
   -4    -3
   -2     2

r4_lp42_241=
    0    -1
   -3    -3
    0     2
    3     4
    2     3
    3     2
   -2    -4
   -3    -2
    0     2

r4_lp42_242=
    0    -1
   -3    -3
   -2     1
    3     4
    3     3
    3     2
   -2    -3
   -3    -2
    0     2

r4_lp42_243=
    0    -1
   -3    -3
   -2     2
    4     3
    3     3
    2    -2
   -3    -3
    0     2

r4_lp42_244=
    0    -1
   -3    -3
   -2     2
    3     3
    3     3
    2    -2
   -3    -3
   -2     2

r4_lp42_245=
    0    -1
   -3    -3
   -2     2
    3     4
    2     3
    3     2
   -2    -3
   -3    -2
    0     2

r4_lp42_246=
    0    -1
   -3    -3
   -2     0
    4     3
    3     3
    2    -2
   -3    -4
    0     2

r4_lp42_247=
    0    -1
   -3    -3
   -2     0
    3     3
    3     3
    2    -2
   -3    -4
   -2     2

r4_lp42_248=
    0    -1
   -3    -3
   -2     0
    3     4
    2     3
    3     2
   -2    -3
   -4    -2
    0     2

r4_lp42_249=
    0    -1
   -3    -3
   -2     0
    2     3
    3     3
    3     2
   -2    -3
   -4    -3
   -1     2

r4_lp42_250=
    0    -1
   -3    -3
   -2     0
    2     4
    2     3
    3     2
   -2    -3
   -4    -3
    0     2

r4_lp42_251=
    0    -1
   -3    -3
   -2     0
    2     3
    3     2
    3     3
    2    -2
   -3    -4
   -3    -2
    1     2

r4_lp42_252=
    0    -1
   -3    -3
   -2     0
    2     3
    4     3
    3     3
    2    -2
   -3    -4
   -3    -2
    0     1

r4_lp42_253=
    0    -1
   -3    -4
   -1     2
    3     4
    3     3
    3     2
    0    -3
   -3    -2
    0     2

r4_lp42_254=
    0    -1
   -3    -4
    0     3
    4     3
    3     3
    2     0
   -4    -2
    0     2

r4_lp42_255=
    0    -1
   -3    -4
    0     2
    4     3
    3     3
    2     0
   -4    -3
    0     2

r4_lp42_256=
    0    -1
   -3    -4
    0     2
    3     3
    3     3
    2     0
   -4    -3
   -2     2

r4_lp42_257=
    0    -1
   -3    -4
    0     2
    3     4
    2     3
    3     2
    0    -4
   -3    -2
    0     2

r4_lp42_258=
    0    -1
   -3    -4
   -2     1
    3     4
    3     3
    3     2
    0    -3
   -3    -2
    0     2

r4_lp42_259=
    0    -1
   -3    -4
   -2     2
    4     3
    3     3
    2     0
   -3    -3
    0     2

r4_lp42_260=
    0    -1
   -3    -4
   -2     2
    3     3
    3     3
    2     0
   -3    -3
   -2     2

r4_lp42_261=
    0    -1
   -3    -4
   -2     2
    3     4
    2     3
    3     2
    0    -3
   -3    -2
    0     2

r4_lp42_262=
    0    -1
   -3    -4
   -2     0
    4     3
    3     3
    2     0
   -3    -4
    0     2

r4_lp42_263=
    0    -1
   -3    -4
   -2     0
    3     3
    3     3
    2     0
   -3    -4
   -2     2

r4_lp42_264=
    0    -1
   -3    -4
   -2     0
    3     4
    2     3
    3     2
    0    -3
   -4    -2
    0     2

r4_lp42_265=
    0    -1
   -3    -4
   -2     0
    2     3
    3     3
    3     2
    0    -3
   -4    -3
   -1     2

r4_lp42_266=
    0    -1
   -3    -4
   -2     0
    2     4
    2     3
    3     2
    0    -3
   -4    -3
    0     2

r4_lp42_267=
    0    -1
   -3    -4
   -2     0
    2     3
    3     2
    3     3
    2     0
   -3    -4
   -3    -2
    1     2

r4_lp42_268=
    0    -1
   -3    -4
   -2     0
    2     3
    4     3
    3     3
    2     0
   -3    -4
   -3    -2
    0     1

r4_lp42_269=
    0    -1
   -3    -4
   -3     0
    2     3
    4     3
    3     3
    2     0
   -2    -3
   -3    -2
    0     2

r4_lp42_270=
    0    -1
   -3    -4
   -3    -1
    1     3
    4     3
    3     3
    2     0
   -2    -3
   -3    -2
    0     2

r4_lp42_271=
    0    -1
   -3    -4
   -3    -1
    2     4
    3     3
    3     2
    0    -2
   -3    -3
    0     2

r4_lp42_272=
    0    -1
   -3    -4
   -3    -1
    2     3
    3     3
    3     2
    0    -2
   -3    -3
   -2     2

r4_lp42_273=
    0    -1
   -3    -4
   -3    -1
    2     3
    4     2
    3     3
    2     0
   -2    -3
   -3    -2
    0     2

r4_lp42_274=
    0    -1
   -3    -4
   -3     0
    4     3
    3     3
    2     0
   -2    -4
    0     2

r4_lp42_275=
    0    -1
   -3    -4
   -3     0
    3     3
    3     3
    2     0
   -2    -4
   -2     2

r4_lp42_276=
    0    -1
   -3    -4
   -3     0
    3     4
    2     3
    3     2
    0    -2
   -4    -2
    0     2

r4_lp42_277=
    0    -1
   -3    -4
   -3     0
    2     3
    3     3
    3     2
    0    -2
   -4    -3
   -1     2

r4_lp42_278=
    0    -1
   -3    -4
   -3     0
    2     4
    2     3
    3     2
    0    -2
   -4    -3
    0     2

r4_lp42_279=
    0    -1
   -3    -4
   -3     0
    2     3
    3     2
    3     3
    2     0
   -2    -4
   -3    -2
    1     2

r4_lp42_280=
    0    -1
   -3    -4
   -3     0
    2     3
    4     3
    3     3
    2     0
   -2    -4
   -3    -2
    0     1

r4_lp42_281=
    0    -1
   -3    -4
   -3    -2
    0     3
    4     3
    3     3
    2     0
   -2    -3
   -3    -2
    0     2

r4_lp42_282=
    0    -1
   -3    -4
   -3    -2
    1     4
    3     3
    3     2
    0    -2
   -3    -3
    0     2

r4_lp42_283=
    0    -1
   -3    -4
   -3    -2
    1     3
    3     3
    3     2
    0    -2
   -3    -3
   -2     2

r4_lp42_284=
    0    -1
   -3    -4
   -3    -2
    1     3
    4     2
    3     3
    2     0
   -2    -3
   -3    -2
    0     2

r4_lp42_285=
    0    -1
   -3    -4
   -3    -2
    2     3
    3     3
    3     2
    0    -2
   -3    -3
   -1     2

r4_lp42_286=
    0    -1
   -3    -4
   -3    -2
    2     4
    2     3
    3     2
    0    -2
   -3    -3
    0     2

r4_lp42_287=
    0    -1
   -3    -4
   -3    -2
    2     3
    3     2
    3     3
    2     0
   -2    -3
   -3    -2
    1     2

r4_lp42_288=
    0    -1
   -3    -4
   -3    -2
    2     3
    4     3
    3     3
    2     0
   -2    -3
   -3    -2
    0     1

r4_lp42_289=
    0    -1
   -3    -4
   -3    -2
    0     3
    3     3
    3     2
    0    -2
   -3    -4
   -1     2

r4_lp42_290=
    0    -1
   -3    -4
   -3    -2
    0     4
    2     3
    3     2
    0    -2
   -3    -4
    0     2

r4_lp42_291=
    0    -1
   -3    -4
   -3    -2
    0     3
    3     2
    3     3
    2     0
   -2    -3
   -4    -2
    1     2

r4_lp42_292=
    0    -1
   -3    -4
   -3    -2
    0     3
    4     3
    3     3
    2     0
   -2    -3
   -4    -2
    0     1

r4_lp42_293=
    0    -1
   -3    -4
   -3    -2
    0     2
    3     3
    3     3
    2     0
   -2    -3
   -4    -3
    0     2

r4_lp42_294=
    0    -1
   -3    -4
   -3    -2
    0     2
    3     3
    2     3
    3     2
    0    -2
   -3    -4
   -3    -1
    1     2

r4_lp42_295=
    0    -1
   -3    -4
   -3    -2
    0     2
    4     3
    3     3
    2     0
   -2    -3
   -4    -3
    0     1

r4_lp42_296=
    0    -1
   -3    -4
   -3    -2
    0     2
    3     3
    2     3
    3     2
    0    -2
   -3    -4
   -3    -2
    0     2

r4_lp42_297=
    0    -1
   -3    -4
   -3    -2
    0     2
    3     3
    3     3
    2     0
   -2    -3
   -4    -3
   -2     1

r4_lp42_298=
    0    -1
   -3    -4
   -3    -2
    0     2
    3     4
    3     3
    2     0
   -2    -3
   -4    -3
   -2     0

r4_lp42_299=
    0    -2
   -3    -3
    0     2
    3     4
    3     3
    3     0
   -2    -4
   -3    -2
    0     2

r4_lp42_300=
    0    -2
   -3    -3
   -2     2
    3     4
    3     3
    3     0
   -2    -3
   -3    -2
    0     2

r4_lp42_301=
    0    -2
   -3    -3
   -2     0
    3     4
    3     3
    3     0
   -2    -3
   -4    -2
    0     2

r4_lp42_302=
    0    -2
   -3    -3
   -2     0
    2     4
    3     3
    3     0
   -2    -3
   -4    -3
    0     2

r4_lp42_303=
    0    -2
   -3    -3
   -2     0
    2     3
    3     3
    3     0
   -2    -3
   -4    -3
   -2     2

r4_lp42_304=
    0    -2
   -3    -3
   -2     0
    2     3
    4     2
    3     3
    0    -2
   -3    -4
   -3    -2
    0     2

r4_lp42_305=
    0    -2
   -3    -3
    0     2
    3     4
    3     3
    3     1
   -1    -4
   -3    -2
    0     2

r4_lp42_306=
    0    -2
   -3    -3
   -2     2
    3     4
    3     3
    3     1
   -1    -3
   -3    -2
    0     2

r4_lp42_307=
    0    -2
   -3    -3
   -2     0
    3     4
    3     3
    3     1
   -1    -3
   -4    -2
    0     2

r4_lp42_308=
    0    -2
   -3    -3
   -2     0
    2     4
    3     3
    3     1
   -1    -3
   -4    -3
    0     2

r4_lp42_309=
    0    -2
   -3    -3
   -2     0
    2     3
    3     3
    3     1
   -1    -3
   -4    -3
   -2     2

r4_lp42_310=
    0    -2
   -3    -3
   -2     0
    2     3
    4     2
    3     3
    1    -1
   -3    -4
   -3    -2
    0     2

r4_lp42_311=
    0    -2
   -3    -3
   -1     2
    3     4
    3     3
    3     1
   -2    -3
   -3    -2
    0     2

r4_lp42_312=
    0    -2
   -3    -3
    0     3
    4     3
    3     3
    1    -2
   -4    -2
    0     2

r4_lp42_313=
    0    -2
   -3    -3
    0     2
    4     3
    3     3
    1    -2
   -4    -3
    0     2

r4_lp42_314=
    0    -2
   -3    -3
    0     2
    3     3
    3     3
    1    -2
   -4    -3
   -2     2

r4_lp42_315=
    0    -2
   -3    -3
    0     2
    3     4
    2     3
    3     1
   -2    -4
   -3    -2
    0     2

r4_lp42_316=
    0    -2
   -3    -3
   -2     1
    3     4
    3     3
    3     1
   -2    -3
   -3    -2
    0     2

r4_lp42_317=
    0    -2
   -3    -3
   -2     2
    4     3
    3     3
    1    -2
   -3    -3
    0     2

r4_lp42_318=
    0    -2
   -3    -3
   -2     2
    3     3
    3     3
    1    -2
   -3    -3
   -2     2

r4_lp42_319=
    0    -2
   -3    -3
   -2     2
    3     4
    2     3
    3     1
   -2    -3
   -3    -2
    0     2

r4_lp42_320=
    0    -2
   -3    -3
   -2     0
    4     3
    3     3
    1    -2
   -3    -4
    0     2

r4_lp42_321=
    0    -2
   -3    -3
   -2     0
    3     3
    3     3
    1    -2
   -3    -4
   -2     2

r4_lp42_322=
    0    -2
   -3    -3
   -2     0
    3     4
    2     3
    3     1
   -2    -3
   -4    -2
    0     2

r4_lp42_323=
    0    -2
   -3    -3
   -2     0
    2     3
    3     3
    3     1
   -2    -3
   -4    -3
   -1     2

r4_lp42_324=
    0    -2
   -3    -3
   -2     0
    2     4
    2     3
    3     1
   -2    -3
   -4    -3
    0     2

r4_lp42_325=
    0    -2
   -3    -3
   -2     0
    2     3
    3     2
    3     3
    1    -2
   -3    -4
   -3    -2
    1     2

r4_lp42_326=
    0    -2
   -3    -3
   -2     0
    2     3
    4     3
    3     3
    1    -2
   -3    -4
   -3    -2
    0     1

r4_lp42_327=
    0    -2
   -4    -1
    2     3
    4     3
    3     3
    0    -3
   -3    -2
    0     2

r4_lp42_328=
    0    -2
   -4     0
    3     4
    3     3
    3     0
   -4    -2
    0     2

r4_lp42_329=
    0    -2
   -4     0
    2     4
    3     3
    3     0
   -4    -3
    0     2

r4_lp42_330=
    0    -2
   -4     0
    2     3
    3     3
    3     0
   -4    -3
   -2     2

r4_lp42_331=
    0    -2
   -4     0
    2     3
    4     2
    3     3
    0    -4
   -3    -2
    0     2

r4_lp42_332=
    0    -2
   -4    -2
    1     3
    4     3
    3     3
    0    -3
   -3    -2
    0     2

r4_lp42_333=
    0    -2
   -4    -2
    2     4
    3     3
    3     0
   -3    -3
    0     2

r4_lp42_334=
    0    -2
   -4    -2
    2     3
    3     3
    3     0
   -3    -3
   -2     2

r4_lp42_335=
    0    -2
   -4    -2
    2     3
    4     2
    3     3
    0    -3
   -3    -2
    0     2

r4_lp42_336=
    0    -2
   -4    -2
    0     4
    3     3
    3     0
   -3    -4
    0     2

r4_lp42_337=
    0    -2
   -4    -2
    0     3
    3     3
    3     0
   -3    -4
   -2     2

r4_lp42_338=
    0    -2
   -4    -2
    0     3
    4     2
    3     3
    0    -3
   -4    -2
    0     2

r4_lp42_339=
    0    -2
   -4    -2
    0     2
    3     3
    3     3
    0    -3
   -4    -3
   -1     2

r4_lp42_340=
    0    -2
   -4    -2
    0     2
    4     2
    3     3
    0    -3
   -4    -3
    0     2

r4_lp42_341=
    0    -2
   -4    -2
    0     2
    3     3
    2     3
    3     0
   -3    -4
   -3    -2
    1     2

r4_lp42_342=
    0    -2
   -4    -2
    0     2
    3     4
    3     3
    3     0
   -3    -4
   -3    -2
    0     1

r4_lp42_343=
    0    -2
   -4    -3
    0     2
    3     4
    3     3
    3     0
   -2    -3
   -3    -2
    0     2

r4_lp42_344=
    0    -2
   -4    -3
   -1     1
    3     4
    3     3
    3     0
   -2    -3
   -3    -2
    0     2

r4_lp42_345=
    0    -2
   -4    -3
   -1     2
    4     3
    3     3
    0    -2
   -3    -3
    0     2

r4_lp42_346=
    0    -2
   -4    -3
   -1     2
    3     3
    3     3
    0    -2
   -3    -3
   -2     2

r4_lp42_347=
    0    -2
   -4    -3
   -1     2
    3     4
    2     3
    3     0
   -2    -3
   -3    -2
    0     2

r4_lp42_348=
    0    -2
   -4    -3
    0     4
    3     3
    3     0
   -2    -4
    0     2

r4_lp42_349=
    0    -2
   -4    -3
    0     3
    3     3
    3     0
   -2    -4
   -2     2

r4_lp42_350=
    0    -2
   -4    -3
    0     3
    4     2
    3     3
    0    -2
   -4    -2
    0     2

r4_lp42_351=
    0    -2
   -4    -3
    0     2
    3     3
    3     3
    0    -2
   -4    -3
   -1     2

r4_lp42_352=
    0    -2
   -4    -3
    0     2
    4     2
    3     3
    0    -2
   -4    -3
    0     2

r4_lp42_353=
    0    -2
   -4    -3
    0     2
    3     3
    2     3
    3     0
   -2    -4
   -3    -2
    1     2

r4_lp42_354=
    0    -2
   -4    -3
    0     2
    3     4
    3     3
    3     0
   -2    -4
   -3    -2
    0     1

r4_lp42_355=
    0    -2
   -4    -3
   -2     0
    3     4
    3     3
    3     0
   -2    -3
   -3    -2
    0     2

r4_lp42_356=
    0    -2
   -4    -3
   -2     1
    4     3
    3     3
    0    -2
   -3    -3
    0     2

r4_lp42_357=
    0    -2
   -4    -3
   -2     1
    3     3
    3     3
    0    -2
   -3    -3
   -2     2

r4_lp42_358=
    0    -2
   -4    -3
   -2     1
    3     4
    2     3
    3     0
   -2    -3
   -3    -2
    0     2

r4_lp42_359=
    0    -2
   -4    -3
   -2     2
    3     3
    3     3
    0    -2
   -3    -3
   -1     2

r4_lp42_360=
    0    -2
   -4    -3
   -2     2
    4     2
    3     3
    0    -2
   -3    -3
    0     2

r4_lp42_361=
    0    -2
   -4    -3
   -2     2
    3     3
    2     3
    3     0
   -2    -3
   -3    -2
    1     2

r4_lp42_362=
    0    -2
   -4    -3
   -2     2
    3     4
    3     3
    3     0
   -2    -3
   -3    -2
    0     1

r4_lp42_363=
    0    -2
   -4    -3
   -2     0
    3     3
    3     3
    0    -2
   -3    -4
   -1     2

r4_lp42_364=
    0    -2
   -4    -3
   -2     0
    4     2
    3     3
    0    -2
   -3    -4
    0     2

r4_lp42_365=
    0    -2
   -4    -3
   -2     0
    3     3
    2     3
    3     0
   -2    -3
   -4    -2
    1     2

r4_lp42_366=
    0    -2
   -4    -3
   -2     0
    3     4
    3     3
    3     0
   -2    -3
   -4    -2
    0     1

r4_lp42_367=
    0    -2
   -4    -3
   -2     0
    2     3
    3     2
    3     3
    0    -2
   -3    -4
   -3    -1
    1     2

r4_lp42_368=
    0    -2
   -4    -3
   -2     0
    2     4
    3     3
    3     0
   -2    -3
   -4    -3
    0     1

r4_lp42_369=
    0    -2
   -4    -3
   -2     0
    2     3
    3     2
    3     3
    0    -2
   -3    -4
   -3    -2
    0     2

r4_lp42_370=
    0    -2
   -4    -3
   -2     0
    2     3
    3     3
    3     0
   -2    -3
   -4    -3
   -2     1

r4_lp42_371=
    0    -2
   -4    -3
   -2     0
    2     3
    4     3
    3     0
   -2    -3
   -4    -3
   -2     0

r4_lp42_372=
    0    -2
   -3    -3
   -2     0
    2     3
    4     3
    3     3
    2     0
   -2    -4
   -3    -2
    0     2

r4_lp42_373=
    0    -2
   -3    -3
   -2     2
    3     4
    3     3
    3     2
    0    -3
   -3    -2
    0     2

r4_lp42_374=
    0    -2
   -3    -3
   -2     0
    3     4
    3     3
    3     2
    0    -3
   -4    -2
    0     2

r4_lp42_375=
    0    -2
   -3    -3
   -1     2
    3     4
    3     3
    3     2
   -1    -3
   -3    -2
    0     2

r4_lp42_376=
    0    -2
   -3    -3
    0     3
    4     3
    3     3
    2    -1
   -4    -2
    0     2

r4_lp42_377=
    0    -2
   -3    -3
    0     2
    4     3
    3     3
    2    -1
   -4    -3
    0     2

r4_lp42_378=
    0    -2
   -3    -3
    0     2
    3     3
    3     3
    2    -1
   -4    -3
   -2     2

r4_lp42_379=
    0    -2
   -3    -3
    0     2
    3     4
    2     3
    3     2
   -1    -4
   -3    -2
    0     2

r4_lp42_380=
    0    -2
   -3    -3
   -2     1
    3     4
    3     3
    3     2
   -1    -3
   -3    -2
    0     2

r4_lp42_381=
    0    -2
   -3    -3
   -2     2
    4     3
    3     3
    2    -1
   -3    -3
    0     2

r4_lp42_382=
    0    -2
   -3    -3
   -2     2
    3     3
    3     3
    2    -1
   -3    -3
   -2     2

r4_lp42_383=
    0    -2
   -3    -3
   -2     2
    3     4
    2     3
    3     2
   -1    -3
   -3    -2
    0     2

r4_lp42_384=
    0    -2
   -3    -3
   -2     0
    4     3
    3     3
    2    -1
   -3    -4
    0     2

r4_lp42_385=
    0    -2
   -3    -3
   -2     0
    3     3
    3     3
    2    -1
   -3    -4
   -2     2

r4_lp42_386=
    0    -2
   -3    -3
   -2     0
    3     4
    2     3
    3     2
   -1    -3
   -4    -2
    0     2

r4_lp42_387=
    0    -2
   -3    -3
   -2     0
    2     3
    3     3
    3     2
   -1    -3
   -4    -3
   -1     2

r4_lp42_388=
    0    -2
   -3    -3
   -2     0
    2     4
    2     3
    3     2
   -1    -3
   -4    -3
    0     2

r4_lp42_389=
    0    -2
   -3    -3
   -2     0
    2     3
    3     2
    3     3
    2    -1
   -3    -4
   -3    -2
    1     2

r4_lp42_390=
    0    -2
   -3    -3
   -2     0
    2     3
    4     3
    3     3
    2    -1
   -3    -4
   -3    -2
    0     1

r4_lp42_391=
    0    -2
   -3    -3
    0     2
    3     4
    3     3
    3     2
   -2    -3
   -3    -2
    0     2

r4_lp42_392=
    0    -2
   -3    -3
   -1     1
    3     4
    3     3
    3     2
   -2    -3
   -3    -2
    0     2

r4_lp42_393=
    0    -2
   -3    -3
   -1     2
    4     3
    3     3
    2    -2
   -3    -3
    0     2

r4_lp42_394=
    0    -2
   -3    -3
   -1     2
    3     3
    3     3
    2    -2
   -3    -3
   -2     2

r4_lp42_395=
    0    -2
   -3    -3
   -1     2
    3     4
    2     3
    3     2
   -2    -3
   -3    -2
    0     2

r4_lp42_396=
    0    -2
   -3    -3
    0     4
    3     3
    3     2
   -2    -4
    0     2

r4_lp42_397=
    0    -2
   -3    -3
    0     3
    3     3
    3     2
   -2    -4
   -2     2

r4_lp42_398=
    0    -2
   -3    -3
    0     3
    4     2
    3     3
    2    -2
   -4    -2
    0     2

r4_lp42_399=
    0    -2
   -3    -3
    0     2
    3     3
    3     3
    2    -2
   -4    -3
   -1     2

r4_lp42_400=
    0    -2
   -3    -3
    0     2
    4     2
    3     3
    2    -2
   -4    -3
    0     2

r4_lp42_401=
    0    -2
   -3    -3
    0     2
    3     3
    2     3
    3     2
   -2    -4
   -3    -2
    1     2

r4_lp42_402=
    0    -2
   -3    -3
    0     2
    3     4
    3     3
    3     2
   -2    -4
   -3    -2
    0     1

r4_lp42_403=
    0    -2
   -3    -3
   -2     0
    3     4
    3     3
    3     2
   -2    -3
   -3    -2
    0     2

r4_lp42_404=
    0    -2
   -3    -3
   -2     1
    4     3
    3     3
    2    -2
   -3    -3
    0     2

r4_lp42_405=
    0    -2
   -3    -3
   -2     1
    3     3
    3     3
    2    -2
   -3    -3
   -2     2

r4_lp42_406=
    0    -2
   -3    -3
   -2     1
    3     4
    2     3
    3     2
   -2    -3
   -3    -2
    0     2

r4_lp42_407=
    0    -2
   -3    -3
   -2     2
    3     3
    3     3
    2    -2
   -3    -3
   -1     2

r4_lp42_408=
    0    -2
   -3    -3
   -2     2
    4     2
    3     3
    2    -2
   -3    -3
    0     2

r4_lp42_409=
    0    -2
   -3    -3
   -2     2
    3     3
    2     3
    3     2
   -2    -3
   -3    -2
    1     2

r4_lp42_410=
    0    -2
   -3    -3
   -2     2
    3     4
    3     3
    3     2
   -2    -3
   -3    -2
    0     1

r4_lp42_411=
    0    -2
   -3    -3
   -2     0
    3     3
    3     3
    2    -2
   -3    -4
   -1     2

r4_lp42_412=
    0    -2
   -3    -3
   -2     0
    4     2
    3     3
    2    -2
   -3    -4
    0     2

r4_lp42_413=
    0    -2
   -3    -3
   -2     0
    3     3
    2     3
    3     2
   -2    -3
   -4    -2
    1     2

r4_lp42_414=
    0    -2
   -3    -3
   -2     0
    3     4
    3     3
    3     2
   -2    -3
   -4    -2
    0     1

r4_lp42_415=
    0    -2
   -3    -3
   -2     0
    2     3
    3     2
    3     3
    2    -2
   -3    -4
   -3    -1
    1     2

r4_lp42_416=
    0    -2
   -3    -3
   -2     0
    2     4
    3     3
    3     2
   -2    -3
   -4    -3
    0     1

r4_lp42_417=
    0    -2
   -3    -3
   -2     0
    2     3
    3     2
    3     3
    2    -2
   -3    -4
   -3    -2
    0     2

r4_lp42_418=
    0    -2
   -3    -3
   -2     0
    2     3
    3     3
    3     2
   -2    -3
   -4    -3
   -2     1

r4_lp42_419=
    0    -2
   -3    -3
   -2     0
    2     3
    4     3
    3     2
   -2    -3
   -4    -3
   -2     0

r4_lp42_420=
    0    -2
   -3    -4
   -2     0
    2     3
    4     3
    3     3
    2     0
   -2    -3
   -3    -2
    0     2

r4_lp42_421=
    0    -2
   -3    -4
   -1     1
    3     4
    3     3
    3     2
    0    -3
   -3    -2
    0     2

r4_lp42_422=
    0    -2
   -3    -4
   -1     2
    4     3
    3     3
    2     0
   -3    -3
    0     2

r4_lp42_423=
    0    -2
   -3    -4
   -1     2
    3     3
    3     3
    2     0
   -3    -3
   -2     2

r4_lp42_424=
    0    -2
   -3    -4
   -1     2
    3     4
    2     3
    3     2
    0    -3
   -3    -2
    0     2

r4_lp42_425=
    0    -2
   -3    -4
    0     4
    3     3
    3     2
    0    -4
    0     2

r4_lp42_426=
    0    -2
   -3    -4
    0     3
    3     3
    3     2
    0    -4
   -2     2

r4_lp42_427=
    0    -2
   -3    -4
    0     3
    4     2
    3     3
    2     0
   -4    -2
    0     2

r4_lp42_428=
    0    -2
   -3    -4
    0     2
    3     3
    3     3
    2     0
   -4    -3
   -1     2

r4_lp42_429=
    0    -2
   -3    -4
    0     2
    4     2
    3     3
    2     0
   -4    -3
    0     2

r4_lp42_430=
    0    -2
   -3    -4
    0     2
    3     3
    2     3
    3     2
    0    -4
   -3    -2
    1     2

r4_lp42_431=
    0    -2
   -3    -4
    0     2
    3     4
    3     3
    3     2
    0    -4
   -3    -2
    0     1

r4_lp42_432=
    0    -2
   -3    -4
   -2     1
    4     3
    3     3
    2     0
   -3    -3
    0     2

r4_lp42_433=
    0    -2
   -3    -4
   -2     1
    3     3
    3     3
    2     0
   -3    -3
   -2     2

r4_lp42_434=
    0    -2
   -3    -4
   -2     1
    3     4
    2     3
    3     2
    0    -3
   -3    -2
    0     2

r4_lp42_435=
    0    -2
   -3    -4
   -2     2
    3     3
    3     3
    2     0
   -3    -3
   -1     2

r4_lp42_436=
    0    -2
   -3    -4
   -2     2
    4     2
    3     3
    2     0
   -3    -3
    0     2

r4_lp42_437=
    0    -2
   -3    -4
   -2     2
    3     3
    2     3
    3     2
    0    -3
   -3    -2
    1     2

r4_lp42_438=
    0    -2
   -3    -4
   -2     2
    3     4
    3     3
    3     2
    0    -3
   -3    -2
    0     1

r4_lp42_439=
    0    -2
   -3    -4
   -2     0
    3     3
    3     3
    2     0
   -3    -4
   -1     2

r4_lp42_440=
    0    -2
   -3    -4
   -2     0
    4     2
    3     3
    2     0
   -3    -4
    0     2

r4_lp42_441=
    0    -2
   -3    -4
   -2     0
    3     3
    2     3
    3     2
    0    -3
   -4    -2
    1     2

r4_lp42_442=
    0    -2
   -3    -4
   -2     0
    3     4
    3     3
    3     2
    0    -3
   -4    -2
    0     1

r4_lp42_443=
    0    -2
   -3    -4
   -2     0
    2     3
    3     2
    3     3
    2     0
   -3    -4
   -3    -1
    1     2

r4_lp42_444=
    0    -2
   -3    -4
   -2     0
    2     4
    3     3
    3     2
    0    -3
   -4    -3
    0     1

r4_lp42_445=
    0    -2
   -3    -4
   -2     0
    2     3
    3     2
    3     3
    2     0
   -3    -4
   -3    -2
    0     2

r4_lp42_446=
    0    -2
   -3    -4
   -2     0
    2     3
    3     3
    3     2
    0    -3
   -4    -3
   -2     1

r4_lp42_447=
    0    -2
   -3    -4
   -2     0
    2     3
    4     3
    3     2
    0    -3
   -4    -3
   -2     0

r4_lp42_448=
    0    -2
   -3    -4
   -3    -1
    1     4
    3     3
    3     2
    0    -2
   -3    -3
    0     2

r4_lp42_449=
    0    -2
   -3    -4
   -3    -1
    1     3
    3     3
    3     2
    0    -2
   -3    -3
   -2     2

r4_lp42_450=
    0    -2
   -3    -4
   -3    -1
    1     3
    4     2
    3     3
    2     0
   -2    -3
   -3    -2
    0     2

r4_lp42_451=
    0    -2
   -3    -4
   -3    -1
    2     3
    3     3
    3     2
    0    -2
   -3    -3
   -1     2

r4_lp42_452=
    0    -2
   -3    -4
   -3    -1
    2     4
    2     3
    3     2
    0    -2
   -3    -3
    0     2

r4_lp42_453=
    0    -2
   -3    -4
   -3    -1
    2     3
    3     2
    3     3
    2     0
   -2    -3
   -3    -2
    1     2

r4_lp42_454=
    0    -2
   -3    -4
   -3    -1
    2     3
    4     3
    3     3
    2     0
   -2    -3
   -3    -2
    0     1

r4_lp42_455=
    0    -2
   -3    -4
   -3     0
    3     3
    3     3
    2     0
   -2    -4
   -1     2

r4_lp42_456=
    0    -2
   -3    -4
   -3     0
    4     2
    3     3
    2     0
   -2    -4
    0     2

r4_lp42_457=
    0    -2
   -3    -4
   -3     0
    3     3
    2     3
    3     2
    0    -2
   -4    -2
    1     2

r4_lp42_458=
    0    -2
   -3    -4
   -3     0
    3     4
    3     3
    3     2
    0    -2
   -4    -2
    0     1

r4_lp42_459=
    0    -2
   -3    -4
   -3     0
    2     3
    3     2
    3     3
    2     0
   -2    -4
   -3    -1
    1     2

r4_lp42_460=
    0    -2
   -3    -4
   -3     0
    2     4
    3     3
    3     2
    0    -2
   -4    -3
    0     1

r4_lp42_461=
    0    -2
   -3    -4
   -3     0
    2     3
    3     3
    3     2
    0    -2
   -4    -3
   -2     1

r4_lp42_462=
    0    -2
   -3    -4
   -3     0
    2     3
    4     3
    3     2
    0    -2
   -4    -3
   -2     0

r4_lp42_463=
    0    -2
   -3    -4
   -3    -2
    0     2
    4     3
    3     3
    2     0
   -2    -3
   -3    -2
    0     2

r4_lp42_464=
    0    -2
   -3    -4
   -3    -2
    0     3
    3     3
    3     2
    0    -2
   -3    -3
   -2     2

r4_lp42_465=
    0    -2
   -3    -4
   -3    -2
    1     3
    3     3
    3     2
    0    -2
   -3    -3
   -1     2

r4_lp42_466=
    0    -2
   -3    -4
   -3    -2
    1     4
    2     3
    3     2
    0    -2
   -3    -3
    0     2

r4_lp42_467=
    0    -2
   -3    -4
   -3    -2
    1     3
    3     2
    3     3
    2     0
   -2    -3
   -3    -2
    1     2

r4_lp42_468=
    0    -2
   -3    -4
   -3    -2
    1     3
    4     3
    3     3
    2     0
   -2    -3
   -3    -2
    0     1

r4_lp42_469=
    0    -2
   -3    -4
   -3    -2
    2     3
    3     2
    3     3
    2     0
   -2    -3
   -3    -1
    1     2

r4_lp42_470=
    0    -2
   -3    -4
   -3    -2
    2     4
    3     3
    3     2
    0    -2
   -3    -3
    0     1

r4_lp42_471=
    0    -2
   -3    -4
   -3    -2
    2     3
    3     3
    3     2
    0    -2
   -3    -3
   -2     1

r4_lp42_472=
    0    -2
   -3    -4
   -3    -2
    2     3
    4     3
    3     2
    0    -2
   -3    -3
   -2     0

r4_lp42_473=
    0    -2
   -3    -4
   -3    -2
    0     3
    3     2
    3     3
    2     0
   -2    -3
   -4    -1
    1     2

r4_lp42_474=
    0    -2
   -3    -4
   -3    -2
    0     4
    3     3
    3     2
    0    -2
   -3    -4
    0     1

r4_lp42_475=
    0    -2
   -3    -4
   -3    -2
    0     3
    3     3
    3     2
    0    -2
   -3    -4
   -2     1

r4_lp42_476=
    0    -2
   -3    -4
   -3    -2
    0     3
    4     3
    3     2
    0    -2
   -3    -4
   -2     0

r4_lp42_477=
    0    -2
   -3    -4
   -3    -2
    0     2
    3     3
    3     3
    2     0
   -2    -3
   -4    -3
   -1     1

r4_lp42_478=
    0    -2
   -3    -4
   -3    -2
    0     2
    4     3
    3     2
    0    -2
   -3    -4
   -3     0

r4_lp42_479=
    0    -2
   -3    -4
   -3    -2
    0     2
    3     3
    3     3
    2     0
   -2    -3
   -4    -3
   -2     0

r4_lp42_480=
    1    -1
   -3    -3
    0     2
    3     4
    3     3
    3     1
   -1    -4
   -3    -2
    0     2

r4_lp42_481=
    1    -1
   -3    -3
   -2     2
    3     4
    3     3
    3     1
   -1    -3
   -3    -2
    0     2

r4_lp42_482=
    1    -1
   -3    -3
   -2     0
    3     4
    3     3
    3     1
   -1    -3
   -4    -2
    0     2

r4_lp42_483=
    1    -1
   -3    -3
   -1     2
    3     4
    3     3
    3     1
   -2    -3
   -3    -2
    0     2

r4_lp42_484=
    1    -1
   -3    -3
    0     3
    4     3
    3     3
    1    -2
   -4    -2
    0     2

r4_lp42_485=
    1    -1
   -3    -3
    0     2
    4     3
    3     3
    1    -2
   -4    -3
    0     2

r4_lp42_486=
    1    -1
   -3    -3
    0     2
    3     3
    3     3
    1    -2
   -4    -3
   -2     2

r4_lp42_487=
    1    -1
   -3    -3
    0     2
    3     4
    3     3
    1    -2
   -4    -3
   -2     0

r4_lp42_488=
    1    -1
   -3    -3
   -2     1
    3     4
    3     3
    3     1
   -2    -3
   -3    -2
    0     2

r4_lp42_489=
    1    -1
   -3    -3
   -2     2
    4     3
    3     3
    1    -2
   -3    -3
    0     2

r4_lp42_490=
    1    -1
   -3    -3
   -2     2
    3     3
    3     3
    1    -2
   -3    -3
   -2     2

r4_lp42_491=
    1    -1
   -3    -3
   -2     2
    3     4
    3     3
    1    -2
   -3    -3
   -2     0

r4_lp42_492=
    1    -1
   -3    -3
   -2     0
    4     3
    3     3
    1    -2
   -3    -4
    0     2

r4_lp42_493=
    1    -1
   -3    -3
   -2     0
    3     3
    3     3
    1    -2
   -3    -4
   -2     2

r4_lp42_494=
    1    -1
   -3    -3
   -2     0
    3     4
    3     3
    1    -2
   -3    -4
   -2     0

r4_lp42_495=
    1    -1
   -3    -3
   -2     0
    2     3
    3     3
    3     1
   -2    -3
   -4    -3
   -1     2

r4_lp42_496=
    1    -1
   -3    -3
   -2     0
    2     4
    3     3
    1    -2
   -3    -4
   -3     0

r4_lp42_497=
    1    -1
   -3    -3
   -2     0
    2     3
    3     3
    3     1
   -2    -3
   -4    -3
   -2     1

r4_lp42_498=
    1    -1
   -4    -1
    2     3
    4     3
    3     3
    0    -3
   -3    -2
    0     2

r4_lp42_499=
    1    -1
   -4     0
    3     4
    3     3
    3     0
   -4    -2
    0     2

r4_lp42_500=
    1    -1
   -4     0
    2     4
    3     3
    3     0
   -4    -3
    0     2

r4_lp42_501=
    1    -1
   -4     0
    2     3
    3     3
    3     0
   -4    -3
   -2     2

r4_lp42_502=
    1    -1
   -4     0
    2     3
    4     3
    3     0
   -4    -3
   -2     0

r4_lp42_503=
    1    -1
   -4    -2
    1     3
    4     3
    3     3
    0    -3
   -3    -2
    0     2

r4_lp42_504=
    1    -1
   -4    -2
    2     4
    3     3
    3     0
   -3    -3
    0     2

r4_lp42_505=
    1    -1
   -4    -2
    2     3
    3     3
    3     0
   -3    -3
   -2     2

r4_lp42_506=
    1    -1
   -4    -2
    2     3
    4     3
    3     0
   -3    -3
   -2     0

r4_lp42_507=
    1    -1
   -4    -2
    0     4
    3     3
    3     0
   -3    -4
    0     2

r4_lp42_508=
    1    -1
   -4    -2
    0     3
    3     3
    3     0
   -3    -4
   -2     2

r4_lp42_509=
    1    -1
   -4    -2
    0     3
    4     3
    3     0
   -3    -4
   -2     0

r4_lp42_510=
    1    -1
   -4    -2
    0     2
    3     3
    3     3
    0    -3
   -4    -3
   -1     2

r4_lp42_511=
    1    -1
   -4    -2
    0     2
    4     3
    3     0
   -3    -4
   -3     0

r4_lp42_512=
    1    -1
   -4    -3
   -1     1
    3     4
    3     3
    3     0
   -2    -3
   -3    -2
    0     2

r4_lp42_513=
    1    -1
   -4    -3
   -1     2
    4     3
    3     3
    0    -2
   -3    -3
    0     2

r4_lp42_514=
    1    -1
   -4    -3
   -1     2
    3     3
    3     3
    0    -2
   -3    -3
   -2     2

r4_lp42_515=
    1    -1
   -4    -3
   -1     2
    3     4
    3     3
    0    -2
   -3    -3
   -2     0

r4_lp42_516=
    1    -1
   -4    -3
    0     4
    3     3
    3     0
   -2    -4
    0     2

r4_lp42_517=
    1    -1
   -4    -3
    0     3
    3     3
    3     0
   -2    -4
   -2     2

r4_lp42_518=
    1    -1
   -4    -3
    0     3
    4     3
    3     0
   -2    -4
   -2     0

r4_lp42_519=
    1    -1
   -4    -3
    0     2
    3     3
    3     3
    0    -2
   -4    -3
   -1     2

r4_lp42_520=
    1    -1
   -4    -3
   -2     1
    4     3
    3     3
    0    -2
   -3    -3
    0     2

r4_lp42_521=
    1    -1
   -4    -3
   -2     1
    3     3
    3     3
    0    -2
   -3    -3
   -2     2

r4_lp42_522=
    1    -1
   -4    -3
   -2     2
    3     3
    3     3
    0    -2
   -3    -3
   -1     2

r4_lp42_523=
    1    -1
   -4    -3
   -2     0
    3     3
    3     3
    0    -2
   -3    -4
   -1     2

r4_lp42_524=
    1    -1
   -3    -3
   -1     2
    3     4
    3     3
    3     2
   -1    -3
   -3    -2
    0     2

r4_lp42_525=
    1    -1
   -3    -3
    0     3
    4     3
    3     3
    2    -1
   -4    -2
    0     2

r4_lp42_526=
    1    -1
   -3    -3
    0     2
    4     3
    3     3
    2    -1
   -4    -3
    0     2

r4_lp42_527=
    1    -1
   -3    -3
    0     2
    3     3
    3     3
    2    -1
   -4    -3
   -2     2

r4_lp42_528=
    1    -1
   -3    -3
   -2     1
    3     4
    3     3
    3     2
   -1    -3
   -3    -2
    0     2

r4_lp42_529=
    1    -1
   -3    -3
   -2     2
    4     3
    3     3
    2    -1
   -3    -3
    0     2

r4_lp42_530=
    1    -1
   -3    -3
   -2     2
    3     3
    3     3
    2    -1
   -3    -3
   -2     2

r4_lp42_531=
    1    -1
   -3    -3
   -2     0
    4     3
    3     3
    2    -1
   -3    -4
    0     2

r4_lp42_532=
    1    -1
   -3    -3
   -2     0
    3     3
    3     3
    2    -1
   -3    -4
   -2     2

r4_lp42_533=
    1    -1
   -3    -3
   -2     0
    2     3
    3     3
    3     2
   -1    -3
   -4    -3
   -1     2

r4_lp42_534=
    1    -1
   -3    -3
   -1     1
    3     4
    3     3
    3     2
   -2    -3
   -3    -2
    0     2

r4_lp42_535=
    1    -1
   -3    -3
   -1     2
    4     3
    3     3
    2    -2
   -3    -3
    0     2

r4_lp42_536=
    1    -1
   -3    -3
   -1     2
    3     3
    3     3
    2    -2
   -3    -3
   -2     2

r4_lp42_537=
    1    -1
   -3    -3
    0     4
    3     3
    3     2
   -2    -4
    0     2

r4_lp42_538=
    1    -1
   -3    -3
    0     3
    3     3
    3     2
   -2    -4
   -2     2

r4_lp42_539=
    1    -1
   -3    -3
   -2     1
    4     3
    3     3
    2    -2
   -3    -3
    0     2

r4_lp42_540=
    1    -1
   -3    -4
   -1     2
    4     3
    3     3
    2     0
   -3    -3
    0     2

r4_lp42_541=
    1    -1
   -3    -4
    0     4
    3     3
    3     2
    0    -4
    0     2

r4_lp42_542=
    1    -2
   -3    -3
   -1     2
    4     3
    3     3
    1    -2
   -3    -3
    0     2

r4_lp42_543=
    1    -2
   -3    -3
   -1     2
    3     3
    3     3
    1    -2
   -3    -3
   -2     2

r4_lp42_544=
    1    -2
   -3    -3
   -1     2
    3     4
    3     3
    1    -2
   -3    -3
   -2     0

r4_lp42_545=
    1    -2
   -3    -3
    0     4
    3     3
    3     1
   -2    -4
    0     2

r4_lp42_546=
    1    -2
   -3    -3
    0     3
    3     3
    3     1
   -2    -4
   -2     2

r4_lp42_547=
    1    -2
   -3    -3
    0     3
    4     3
    3     1
   -2    -4
   -2     0

r4_lp42_548=
    1    -2
   -3    -3
    0     2
    4     3
    3     1
   -2    -4
   -3     0

r4_lp42_549=
    1    -2
   -3    -3
    0     2
    3     3
    3     3
    1    -2
   -4    -3
   -2     1

r4_lp42_550=
    1    -2
   -3    -3
   -2     1
    4     3
    3     3
    1    -2
   -3    -3
    0     2

r4_lp42_551=
    1    -2
   -3    -3
   -2     1
    3     3
    3     3
    1    -2
   -3    -3
   -2     2

r4_lp42_552=
    1    -2
   -3    -3
   -2     1
    3     4
    3     3
    1    -2
   -3    -3
   -2     0

r4_lp42_553=
    1    -2
   -3    -3
   -2     2
    4     3
    3     1
   -2    -3
   -3     0

r4_lp42_554=
    1    -2
   -3    -3
   -2     2
    3     3
    3     3
    1    -2
   -3    -3
   -2     1

r4_lp42_555=
    1    -2
   -3    -3
   -2     0
    4     3
    3     1
   -2    -3
   -4     0

r4_lp42_556=
    1    -2
   -3    -3
   -2     0
    3     3
    3     3
    1    -2
   -3    -4
   -2     1

r4_lp42_557=
    1    -2
   -4    -1
    2     4
    3     3
    3     0
   -3    -3
    0     2

r4_lp42_558=
    1    -2
   -4    -1
    2     3
    3     3
    3     0
   -3    -3
   -2     2

r4_lp42_559=
    1    -2
   -4    -1
    2     3
    4     3
    3     0
   -3    -3
   -2     0

r4_lp42_560=
    1    -2
   -4     0
    4     3
    3     3
    0    -4
    0     2

r4_lp42_561=
    1    -2
   -4     0
    3     3
    3     3
    0    -4
   -2     2

r4_lp42_562=
    1    -2
   -4     0
    3     4
    3     3
    0    -4
   -2     0

r4_lp42_563=
    1    -2
   -4     0
    2     4
    3     3
    0    -4
   -3     0

r4_lp42_564=
    1    -2
   -4     0
    2     3
    3     3
    3     0
   -4    -3
   -2     1

r4_lp42_565=
    1    -2
   -4    -2
    1     4
    3     3
    3     0
   -3    -3
    0     2

r4_lp42_566=
    1    -2
   -4    -2
    1     3
    3     3
    3     0
   -3    -3
   -2     2

r4_lp42_567=
    1    -2
   -4    -2
    2     4
    3     3
    0    -3
   -3     0

r4_lp42_568=
    1    -2
   -4    -2
    2     3
    3     3
    3     0
   -3    -3
   -2     1

r4_lp42_569=
    1    -2
   -4    -2
    0     4
    3     3
    0    -3
   -4     0

r4_lp42_570=
    1    -2
   -4    -2
    0     3
    3     3
    3     0
   -3    -4
   -2     1

r4_lp42_571=
    1    -2
   -4    -3
   -1     2
    3     3
    3     3
    0    -2
   -3    -3
   -2     1

r4_lp42_572=
    1    -2
   -4    -3
    0     4
    3     3
    0    -2
   -4     0

r4_lp42_573=
    1    -2
   -4    -3
   -2     1
    4     3
    3     0
   -2    -3
   -3     0

r4_lp42_574=
    1    -2
   -3    -3
   -1     2
    3     3
    3     3
    2    -1
   -3    -3
   -2     2

r4_lp42_575=
    1    -2
   -3    -3
   -1     2
    3     4
    3     3
    2    -1
   -3    -3
   -2     0

r4_lp42_576=
    1    -2
   -3    -3
    0     4
    3     3
    3     2
   -1    -4
    0     2

r4_lp42_577=
    1    -2
   -3    -3
    0     3
    3     3
    3     2
   -1    -4
   -2     2

r4_lp42_578=
    1    -2
   -3    -3
    0     3
    4     3
    3     2
   -1    -4
   -2     0

r4_lp42_579=
    1    -2
   -3    -3
    0     4
    3     3
    2    -2
   -4     0

r4_lp42_580=
    1    -2
   -3    -3
   -2     1
    4     3
    3     2
   -2    -3
   -3     0

r4_lp42_581=
    1    -2
   -3    -4
    0     4
    3     3
    2     0
   -4     0

r4_lp42_582=
    2    -2
   -4     0
    4     3
    3     0
   -4     0

r4_lp42_583=
    0    -4
    0     4
    2     4
    0    -4
    0     3
