r4_lp9_1=
   -1    -4
   -3     1
   -1     0
   -2    -2

r4_lp9_2=
   -1    -3
   -3     2
   -1    -1
   -2    -2

r4_lp9_3=
    2    -4
   -2    -2
    0    -2

r4_lp9_4=
   -2    -3
   -3     3
   -1    -1
   -2    -2

r4_lp9_5=
    0    -3
   -1     3
   -1    -1
   -2    -2

r4_lp9_6=
    0    -4
   -3     0
    3    -1
    0    -1
   -2    -2

r4_lp9_7=
    0    -4
   -2     1
   -1     0
   -2    -2

r4_lp9_8=
    0    -4
   -3     0
   -1     0
   -2    -2

r4_lp9_9=
    1     3
   -3    -4
   -3    -2
   -2     0
    0    -1

r4_lp9_10=
    0    -3
   -4    -3
    0     2
   -1     0
    0    -1
   -2    -2

r4_lp9_11=
    0     3
   -3    -4
   -2    -2
    0     0

r4_lp9_12=
   -1     2
   -3    -4
   -3    -2
   -2     0
    0    -1

r4_lp9_13=
    0    -3
   -4    -3
   -1    -1
    0     0
   -2    -2

r4_lp9_14=
    1     3
   -2    -4
   -2    -2
   -2     0
    0    -1

r4_lp9_15=
    0     2
   -2    -4
   -2    -2
    0     0

r4_lp9_16=
    1    -4
   -3     1
    3    -1
    0    -1
   -2    -2

r4_lp9_17=
    0     2
    1    -4
   -3    -2
   -2    -1
    0    -1

r4_lp9_18=
    1    -4
   -3    -1
    1    -1
    0    -1
   -2    -2

r4_lp9_19=
    0     1
   -4    -2
   -2    -1
    0    -2

r4_lp9_20=
    1    -4
   -3    -1
   -1     0
   -2    -2

r4_lp9_21=
    1    -3
   -4    -3
    2     3
   -1     0
    0    -1
   -2    -2

r4_lp9_22=
    1    -3
   -4    -3
    1     2
   -1     0
    0    -1
   -2    -2

r4_lp9_23=
    0     1
   -3    -4
   -3    -1
   -2    -1
    0     0
   -1    -2

r4_lp9_24=
    1    -3
   -4    -2
   -1    -1
    0     0
   -2    -2

r4_lp9_25=
    1    -3
   -4    -3
   -2    -1
    0     0
   -2    -2

r4_lp9_26=
   -2     3
   -3    -3
   -1    -2
    1     0

r4_lp9_27=
   -1    -3
   -3     2
    0     1
   -1    -2

r4_lp9_28=
    1    -3
   -3    -2
    2    -1
    1     0
   -1    -2

r4_lp9_29=
   -2     2
    3    -3
   -1    -2
   -2     1

r4_lp9_30=
    1     2
   -3    -3
   -2    -2
    1    -1

r4_lp9_31=
   -1    -3
   -3    -2
    1     2
    0     1
    0    -1
   -2    -2

r4_lp9_32=
   -1    -3
   -3     1
    0     1
   -1    -2

r4_lp9_33=
    1    -3
   -2     1
    2    -1
    1    -1
   -2    -2

r4_lp9_34=
    1    -3
   -3    -2
    1    -1
    1     0
   -1    -2

r4_lp9_35=
    0    -1
   -3    -3
    0    -1
    0     1
   -1    -2

r4_lp9_36=
    0    -3
   -3     0
    1    -1
    1    -1
   -2    -2

r4_lp9_37=
    2    -3
   -4    -3
   -2     1
    0    -1

r4_lp9_38=
   -1    -3
   -4    -2
    2     0
    1     0
   -1    -2

r4_lp9_39=
    1     2
   -3    -4
   -2    -2
   -2     1
    0    -1

r4_lp9_40=
   -1    -3
   -4     1
    2     0
    1     0
   -2    -2

r4_lp9_41=
    1    -3
   -4     1
   -1     1
    0    -2

r4_lp9_42=
    0    -1
   -3    -4
   -3    -2
    0     1
    0    -1

r4_lp9_43=
    0    -3
   -4    -1
    0    -1
    1     0
   -2    -2

r4_lp9_44=
    0    -3
   -4    -3
   -1     1
    0    -2

r4_lp9_45=
    1    -2
   -3    -2
   -1     1
   -2    -2

r4_lp9_46=
   -2    -3
    3     1
   -1    -2

r4_lp9_47=
    1    -2
   -3     2
   -1     1
   -1    -2

r4_lp9_48=
    1    -2
   -3     1
   -1     1
   -1    -2

r4_lp9_49=
    0     1
   -2    -3
   -2    -1
    1    -1

r4_lp9_50=
   -2    -3
   -3     2
    1     0
   -1    -2

r4_lp9_51=
    1     2
   -2    -4
   -2    -2
    1     0

r4_lp9_52=
    1    -3
   -2    -1
    2    -2

r4_lp9_53=
    2    -4
   -3     2
    3    -1
    0    -1
   -2    -2

r4_lp9_54=
    1     2
    2    -4
   -3    -2
   -2    -1
    0    -1

r4_lp9_55=
    0     1
    2    -4
   -3    -2
   -2    -1
    0    -1

r4_lp9_56=
    0     2
   -4    -3
   -1    -2
   -1     0
   -1    -2

r4_lp9_57=
   -1     2
   -4    -2
   -2    -1
    0    -2

r4_lp9_58=
    2    -4
   -3    -2
   -1     0
   -2    -2

r4_lp9_59=
    3    -4
   -3     3
   -1     0
   -1    -2

r4_lp9_60=
    2     3
   -4    -3
   -2    -1
    0    -1

r4_lp9_61=
    1     3
   -4    -3
   -2    -1
    0    -1

r4_lp9_62=
    0     3
   -4    -3
   -2    -1
    0    -1

r4_lp9_63=
   -1     3
   -4    -3
   -2    -1
    0    -1

r4_lp9_64=
   -2     3
   -4    -2
   -1     0

r4_lp9_65=
    3    -4
   -3    -1
    0    -2

r4_lp9_66=
   -3    -3
    3     3
    0    -1
   -2    -1

r4_lp9_67=
    3    -4
    3     0
    0    -1
