r4_lp15_1=
    1    -2
   -4    -3
    3    -1
    0     0
   -2    -2

r4_lp15_2=
   -1    -3
   -3     3
    0     0
   -2    -2

r4_lp15_3=
   -1    -4
   -2     3
    0     0
   -2    -2

r4_lp15_4=
   -1    -4
   -3     2
    1     0
    0    -2
   -2    -1

r4_lp15_5=
   -2     3
   -3    -3
   -2    -2
    1    -1

r4_lp15_6=
   -1     3
   -3    -4
   -3    -2
   -2     1
    0    -1

r4_lp15_7=
    1    -3
   -4    -2
    2    -1
    1     0
   -2    -2

r4_lp15_8=
   -1    -3
   -4    -3
    2     0
    1     0
   -2    -2

r4_lp15_9=
    1    -3
   -4    -3
    1    -1
    1     0
   -2    -2

r4_lp15_10=
   -2    -3
   -3     3
    1    -1
   -2    -2

r4_lp15_11=
   -2    -3
   -3    -2
    3     1
    0    -1
   -2    -2

r4_lp15_12=
    1    -2
   -3    -3
    2    -1
    1     0
   -2    -2

r4_lp15_13=
   -1     3
   -2    -4
   -3    -2
   -2     1
    0    -1

r4_lp15_14=
    1    -2
   -4    -2
    2    -1
    1     0
   -2    -2

r4_lp15_15=
   -2    -4
   -3     2
    1     0
   -2    -2

r4_lp15_16=
    1    -2
   -4    -3
    1    -1
    1     0
   -2    -2

r4_lp15_17=
   -2    -3
   -3    -2
    3     1
    1     0
   -2    -2

r4_lp15_18=
   -1     3
   -2    -3
   -3    -2
   -2     1
    1    -1

r4_lp15_19=
    1    -2
   -3    -3
   -2     2
   -1     1
    1    -1
   -2    -2

r4_lp15_20=
   -2    -3
   -3     2
    1     1
   -2    -2

r4_lp15_21=
    1    -2
   -3    -3
    1    -1
    1     1
   -2    -2

r4_lp15_22=
    0     3
   -2    -3
   -4    -3
   -2    -2
    1     1
    0    -1

r4_lp15_23=
    1    -2
   -3    -4
   -3    -1
    2    -1
    1     1
    0    -1
   -2    -2

r4_lp15_24=
   -1     3
   -2    -3
   -4    -2
   -2     1
    1     0

r4_lp15_25=
   -2    -3
   -4    -2
    2     1
    1     0
   -2    -2

r4_lp15_26=
    1    -2
   -3    -4
   -2     1
   -1     1
    1     0
   -2    -2

r4_lp15_27=
    1    -2
   -3    -4
   -3    -2
    1     1
    0    -2

r4_lp15_28=
    0     1
   -2    -3
   -4    -3
   -2    -1
    1     1
    0    -2

r4_lp15_29=
    0    -4
   -3    -1
    3     0
    0    -1
   -2    -2

r4_lp15_30=
    0    -4
   -2     2
    0     0
   -2    -2

r4_lp15_31=
    0    -3
   -4    -1
    3     0
    1     0
   -2    -2

r4_lp15_32=
    0    -3
   -4    -3
    0     3
    0     1
    0    -1
   -2    -2

r4_lp15_33=
    0    -3
   -4    -3
   -1     2
    0     1
    0    -1
   -2    -2

r4_lp15_34=
    0    -2
   -3     3
    0     1
   -2    -2

r4_lp15_35=
    0    -2
   -3    -2
    3     0
    1    -1
   -2    -2

r4_lp15_36=
    0    -2
   -3    -3
   -1     3
    0     1
    0    -1
   -2    -2

r4_lp15_37=
    0    -2
   -3    -3
   -2     2
    0     1
    0    -1
   -2    -2

r4_lp15_38=
    0    -2
   -4    -1
    3     0
    1     0
   -2    -2

r4_lp15_39=
    0    -2
   -4    -3
    0     3
    0     1
    0    -1
   -2    -2

r4_lp15_40=
    0    -2
   -4    -3
   -1     2
    0     1
    0    -1
   -2    -2

r4_lp15_41=
    0    -2
   -4    -2
    1     1
    0     1
    0    -2
   -2    -1

r4_lp15_42=
    0    -2
   -4    -3
    0     1
    0     1
    0    -2
   -2    -1

r4_lp15_43=
    0    -2
   -3    -3
   -1     3
    0     1
    1     0
   -2    -2

r4_lp15_44=
    0    -2
   -3    -3
    0     3
    0     1
    1    -1
   -2    -2

r4_lp15_45=
    0    -2
   -3    -3
   -1     2
    0     1
    1    -1
   -2    -2

r4_lp15_46=
    0    -2
   -3    -3
   -2     1
    1     0
    1     1
   -1    -2
   -2    -1

r4_lp15_47=
    0    -2
   -3    -3
    0     1
    0     1
    1    -2
   -2    -1

r4_lp15_48=
    0    -2
   -3    -4
    0     3
    0     1
    1     0
   -2    -2

r4_lp15_49=
    0    -2
   -3    -4
   -1     2
    0     1
    1     0
   -2    -2

r4_lp15_50=
    0    -2
   -3    -4
   -3     1
    3     0
    1     1
    0    -1
   -2    -2

r4_lp15_51=
    0    -2
   -3    -4
   -3     0
    2     0
    1     1
    0    -1
   -2    -2

r4_lp15_52=
    0    -2
   -3    -4
   -3    -1
    1     1
    0     1
    1     0
   -1    -2
   -2    -1

r4_lp15_53=
    0    -2
   -3    -4
   -2     0
    1     0
    1     1
    0    -2
   -2    -1

r4_lp15_54=
    0    -2
   -3    -4
   -2     1
    0     1
    1     0
   -2    -2

r4_lp15_55=
    0    -2
   -3    -4
   -3    -1
    1     0
    1     1
    0    -2
   -2    -1

r4_lp15_56=
    1     3
   -3    -3
   -2    -2
    2    -1

r4_lp15_57=
    0    -3
   -3     0
    2     0
    2    -1
   -2    -2

r4_lp15_58=
    0     3
   -3    -3
   -2    -2
   -2     2
    0    -1

r4_lp15_59=
    1    -3
   -3    -1
    2    -1
    2    -1
   -2    -2

r4_lp15_60=
    0    -3
   -3    -1
    2     0
    2     0
   -2    -2

r4_lp15_61=
    0    -3
   -3    -1
    1     1
    0     2
   -1    -2
   -2    -1

r4_lp15_62=
   -1     3
   -3    -3
   -2    -2
   -2     2
    1    -1

r4_lp15_63=
    2    -3
   -3    -2
   -2     2
   -1    -2

r4_lp15_64=
    1    -3
   -3    -2
    2    -1
    2     0
   -2    -2

r4_lp15_65=
    1    -3
   -3    -2
    1    -1
    2    -1
   -2    -2

r4_lp15_66=
    0    -3
   -3    -2
    2     0
    2     1
   -2    -2

r4_lp15_67=
    0    -3
   -3    -2
    1     1
    0     2
    0    -2
   -2    -1

r4_lp15_68=
    0    -3
   -3    -2
    0     1
    0     2
   -1    -2
   -2    -1

r4_lp15_69=
    0    -3
   -3    -2
    1     0
    2    -1
   -2    -2

r4_lp15_70=
   -2     3
   -3    -2
   -2     2

r4_lp15_71=
    1    -3
   -3    -2
    2    -2

r4_lp15_72=
    0     1
   -3    -3
   -2    -1
    2    -2

r4_lp15_73=
    0    -3
   -3     0
    0     2
   -2    -2

r4_lp15_74=
    2     3
   -3    -4
   -3    -2
   -2     2
    0    -1

r4_lp15_75=
    0    -3
   -4    -3
    1     2
    0     2
    0    -1
   -2    -2

r4_lp15_76=
    1     3
   -3    -4
   -2    -2
   -2     2
    0    -1

r4_lp15_77=
    0     2
    1    -3
   -4    -3
   -2    -2
   -1     2
    0    -1

r4_lp15_78=
    0    -3
   -4     0
    2     0
    2     0
   -2    -2

r4_lp15_79=
    0    -3
   -4    -3
    0     1
    1     0
    2     0
   -1    -2
   -2    -1

r4_lp15_80=
   -1     2
   -3    -4
   -3    -2
   -2     2
    0    -1

r4_lp15_81=
    1    -3
   -4    -1
    2    -1
    2     0
   -2    -2

r4_lp15_82=
    1    -3
   -4    -3
   -1     1
   -1     2
    0    -1
   -2    -2

r4_lp15_83=
    0    -3
   -4    -1
    1     1
    0     2
    0    -2
   -2    -1

r4_lp15_84=
    0    -3
   -4    -3
   -1     0
    1     0
    2     0
   -1    -2
   -2    -1

r4_lp15_85=
    0    -3
   -4    -3
   -1     1
    0     2
    0    -1
   -2    -2

r4_lp15_86=
    0     1
   -3    -4
   -2    -2
   -1     2
    0    -2

r4_lp15_87=
    0    -3
   -4    -2
   -1     1
    0     2
    0    -2
   -2    -1

r4_lp15_88=
    0    -3
   -4    -2
    0     0
    2     0
   -2    -2

r4_lp15_89=
    1    -3
   -4    -3
   -1    -1
    2     0
   -2    -2

r4_lp15_90=
    0    -3
   -4    -3
   -2     1
    0     2
    0    -2
   -2    -1

r4_lp15_91=
    2    -3
   -4    -3
    3    -1
    0     0
   -2    -2

r4_lp15_92=
   -2    -3
   -3     3
    2     0
    0    -2
   -2    -1

r4_lp15_93=
   -2    -4
   -2     3
    2     0
    0    -2
   -2    -1

r4_lp15_94=
   -2    -4
   -3     2
    2     0
    0    -2
   -2    -1

r4_lp15_95=
   -1    -2
   -3    -3
    3     2
    0     0
   -1    -2
   -2    -1

r4_lp15_96=
   -1    -3
   -3    -2
    3     2
    0     0
   -1    -2
   -2    -1

r4_lp15_97=
   -1    -4
   -3    -1
    3     2
    0     0
   -1    -2
   -2    -1

r4_lp15_98=
   -1    -4
   -2     2
    2     0
    0    -2
   -2    -1

r4_lp15_99=
   -1    -4
   -3     1
    2     0
    0    -2
   -2    -1

r4_lp15_100=
   -1     3
    2    -3
   -3    -2
   -2    -1
    1    -1

r4_lp15_101=
    2    -3
   -3    -2
    2    -1
    1    -1
   -2    -2

r4_lp15_102=
    1     2
   -3    -3
   -2    -1
    1    -2

r4_lp15_103=
    0     3
    2    -3
   -4    -3
   -2    -2
   -1     1
    0    -1

r4_lp15_104=
   -1     2
    2    -3
   -4    -3
   -2    -2
   -1     1
    0    -1

r4_lp15_105=
    1     2
   -3    -4
   -2    -2
   -1     1
    0    -2

r4_lp15_106=
    0     2
   -3    -4
   -3    -2
   -1     1
    0    -2

r4_lp15_107=
    0    -3
   -3     0
    3     2
    0     1
   -1    -2
   -2    -1

r4_lp15_108=
    0    -3
   -3    -1
    2     2
    0     1
   -1    -2
   -2    -1

r4_lp15_109=
    0    -3
   -3    -2
    1     2
    0     1
   -1    -2
   -2    -1

r4_lp15_110=
    0    -3
   -3     0
    2     0
    1    -2
   -2    -1

r4_lp15_111=
    0    -3
   -4    -3
    1     3
    2     0
    1     0
   -1    -2
   -2    -1

r4_lp15_112=
    0    -3
   -4    -3
    0     2
    2     0
    1     0
   -1    -2
   -2    -1

r4_lp15_113=
    0    -3
   -4    -3
   -1     1
    2     0
    1     0
   -1    -2
   -2    -1

r4_lp15_114=
    0    -3
   -4    -2
    0     2
    0     1
    0    -2
   -2    -1

r4_lp15_115=
    0    -3
   -4    -3
   -1     2
    0     1
    0    -2
   -2    -1

r4_lp15_116=
   -2    -3
    2     2
    1    -2
   -2    -1

r4_lp15_117=
    1     2
   -2    -3
   -3    -2
   -1     1
   -1    -2

r4_lp15_118=
    0     2
   -2    -3
   -3    -2
   -1     1
    0    -2

r4_lp15_119=
    1     3
    2    -2
   -4    -3
   -2    -2
   -1     1
    0    -1

r4_lp15_120=
    0     2
    2    -2
   -4    -3
   -2    -2
   -1     1
    0    -1

r4_lp15_121=
    0     3
    2    -2
   -4    -2
   -2    -1
    1     0

r4_lp15_122=
    1     2
   -2    -4
   -3    -1
   -2    -1
    1     0
   -1    -2

r4_lp15_123=
   -1     2
    2    -2
   -4    -2
   -2    -1
    1     0

r4_lp15_124=
    0     2
   -2    -4
   -2    -2
   -1     1
    0    -2

r4_lp15_125=
   -1     2
   -2    -4
   -3    -2
   -1     1
    0    -2

r4_lp15_126=
    1     3
    2    -2
   -3    -3
   -2    -2
   -1     1
    1    -1

r4_lp15_127=
    0     2
    2    -2
   -3    -3
   -2    -2
   -1     1
    1    -1

r4_lp15_128=
   -1     2
   -2    -3
   -3    -2
   -1     1
    1    -2

r4_lp15_129=
   -2    -3
   -4    -3
    2     3
    2     1
    1     0
   -1    -2
   -2    -1

r4_lp15_130=
    1     2
    2    -2
   -3    -4
   -3    -2
   -2    -1
    1     1
    0    -1

r4_lp15_131=
    1     3
    2    -2
   -3    -4
   -2    -2
   -2    -1
    1     1
    0    -1

r4_lp15_132=
    0     1
    2    -2
   -3    -4
   -3    -2
   -2    -1
    1     1
    0    -1

r4_lp15_133=
    0     2
    2    -2
   -3    -4
   -2    -2
   -1     1
    1     0

r4_lp15_134=
    0     2
   -2    -3
   -4    -3
   -1    -2
   -1     1
    1     0
   -1    -2

r4_lp15_135=
    1     2
   -2    -3
   -4    -1
   -2    -1
    1     1
    0    -2

r4_lp15_136=
   -1     2
   -2    -3
   -4    -2
   -2    -1
    1     1
    0    -2

r4_lp15_137=
   -2    -3
   -4    -3
   -2     2
    1     1
    0    -2
   -2    -1

r4_lp15_138=
   -1     3
    2    -3
   -2    -2
   -2    -1
    2    -1

r4_lp15_139=
    2    -3
   -2     2
   -1     2
   -2    -2

r4_lp15_140=
    0     3
    2    -3
   -3    -2
   -2    -2
   -1     2
    1    -1

r4_lp15_141=
   -1     2
    2    -3
   -3    -2
   -2    -2
   -1     2
    1    -1

r4_lp15_142=
   -1     3
    2    -3
   -3    -2
   -2    -1
    2     1

r4_lp15_143=
    1     2
   -3    -3
   -2    -2
   -1     2
    1    -2

r4_lp15_144=
    1     3
    2    -3
   -3    -2
   -2    -2
   -1     2
    0    -1

r4_lp15_145=
    0     2
    2    -3
   -3    -2
   -2    -2
   -1     2
    0    -1

r4_lp15_146=
    0     3
    2    -3
   -3    -2
   -2    -1
    2     0

r4_lp15_147=
    0     2
   -3    -3
   -2    -2
   -1     2
    0    -2

r4_lp15_148=
    2    -3
   -3     2
    3    -1
    2    -1
   -2    -2

r4_lp15_149=
    1     2
    2    -3
   -3    -2
   -2    -1
    2    -1

r4_lp15_150=
    0     1
    2    -3
   -3    -2
   -2    -1
    2    -1

r4_lp15_151=
    0     2
   -3    -3
   -1    -2
   -1     2
   -1    -2

r4_lp15_152=
   -1     2
   -3    -3
   -2    -2
   -1     2
   -1    -2

r4_lp15_153=
    2    -3
   -3    -2
   -1     2
   -2    -2

r4_lp15_154=
    2    -3
   -4    -2
    2     3
   -1     2
    0    -1
   -2    -2

r4_lp15_155=
    2    -3
   -4    -3
    3    -1
    2     0
   -1    -2

r4_lp15_156=
    2    -3
   -4    -3
    2    -1
    2     0
   -1    -2

r4_lp15_157=
    1     2
   -3    -4
   -3    -2
   -1     2
    0    -1

r4_lp15_158=
    1     2
    2    -3
   -4    -2
   -2    -2
   -1     2
    0    -1

r4_lp15_159=
    1     3
    2    -3
   -4    -2
   -2    -1
    2     0

r4_lp15_160=
    0     2
   -3    -4
   -3    -2
   -1     2
    0    -1

r4_lp15_161=
    0     1
    2    -3
   -4    -2
   -2    -1
    2     0

r4_lp15_162=
   -1     2
   -3    -4
   -3    -2
   -1     2
    0    -1

r4_lp15_163=
    0     2
   -3    -4
   -1    -2
   -1     2
    0    -2

r4_lp15_164=
    2    -3
   -4    -2
   -1     2
    0    -2

r4_lp15_165=
    2    -3
   -4    -3
   -1     2
    0    -2

r4_lp15_166=
    0     3
    2    -1
   -3    -3
   -2    -2
   -1     1
    0    -1

r4_lp15_167=
   -1    -3
   -3    -1
    3     1
    0    -1
   -2    -2

r4_lp15_168=
    0     3
    2    -1
   -4    -2
   -2    -1
    1     0

r4_lp15_169=
   -1    -4
   -1     2
    2     1
    0    -2
   -2    -1

r4_lp15_170=
   -1    -4
   -1     3
    1     0
   -2    -2

r4_lp15_171=
   -1    -4
   -3     1
    3     2
    1     0
   -1    -2
   -2    -1

r4_lp15_172=
    0     2
    2    -1
   -4    -3
   -2    -2
   -1     1
    0    -1

r4_lp15_173=
    0     3
   -1    -4
   -3    -2
   -2     1
    0    -1

r4_lp15_174=
   -1    -4
   -3    -1
    1     2
    1     0
   -1    -2
   -2    -1

r4_lp15_175=
   -1    -4
   -3    -1
    2     1
    0    -1
   -2    -2

r4_lp15_176=
    0     2
   -1    -4
   -2    -2
   -1     1
    0    -2

r4_lp15_177=
   -1    -4
   -3    -1
    2     1
    0    -2
   -2    -1

r4_lp15_178=
   -1    -2
   -3     1
    2     1
    1    -2
   -2    -1

r4_lp15_179=
    0     3
    2    -1
   -2    -3
   -2    -2
   -1     1
    1    -1

r4_lp15_180=
   -1    -2
   -3    -1
    2     2
    1     1
   -1    -2
   -2    -1

r4_lp15_181=
   -1    -2
   -3    -3
    1     3
    2     1
    1     0
   -1    -2
   -2    -1

r4_lp15_182=
    0     2
    2    -1
   -2    -3
   -3    -2
   -2    -1
    1     1
    0    -1

r4_lp15_183=
    0     3
   -1    -2
   -3    -3
   -2    -2
    1     1
    0    -1

r4_lp15_184=
   -1    -2
   -3    -3
   -1     1
    2     1
    1     0
   -1    -2
   -2    -1

r4_lp15_185=
    0     2
   -1    -2
   -3    -3
   -2    -2
   -1     1
    1     0
   -1    -2

r4_lp15_186=
   -1    -2
   -3    -3
   -1     2
    1     1
    0    -2
   -2    -1

r4_lp15_187=
   -1    -2
   -4    -2
    1     3
    2     1
    1     0
   -1    -2
   -2    -1

r4_lp15_188=
    0     2
    2    -1
   -2    -4
   -2    -2
   -1     1
    1     0

r4_lp15_189=
    0     3
   -1    -2
   -4    -2
   -2     1
    1     0

r4_lp15_190=
   -1    -2
   -4    -1
    1     2
    1     1
    0    -2
   -2    -1

r4_lp15_191=
   -1    -2
   -4    -1
    2     1
    1     0
   -2    -2

r4_lp15_192=
   -1    -2
   -4    -3
    2     3
    2     1
    1     0
   -1    -2
   -2    -1

r4_lp15_193=
   -1    -2
   -4    -3
    1     2
    2     1
    1     0
   -1    -2
   -2    -1

r4_lp15_194=
   -1    -2
   -4    -3
    1     3
    1     1
    0    -1
   -2    -2

r4_lp15_195=
    0     1
    2    -1
   -2    -4
   -3    -2
   -2    -1
    1     1
    0    -1

r4_lp15_196=
    0     2
   -1    -2
   -4    -3
   -2    -2
    1     1
    0    -1

r4_lp15_197=
    0     2
   -1    -2
   -4    -3
   -1    -2
   -1     1
    1     0
   -1    -2

r4_lp15_198=
   -1    -2
   -4    -2
   -1     2
    1     1
    0    -2
   -2    -1

r4_lp15_199=
   -1    -2
   -4    -3
   -2     2
    1     1
    0    -2
   -2    -1

r4_lp15_200=
   -1    -3
   -1     3
    2     1
    1    -2
   -2    -1

r4_lp15_201=
    0     3
    2    -1
   -3    -2
   -2    -2
   -1     1
    1    -1

r4_lp15_202=
   -1    -3
   -2     1
    2     1
    1    -2
   -2    -1

r4_lp15_203=
   -1    -3
   -3    -2
    1     3
    2     1
    1     0
   -1    -2
   -2    -1

r4_lp15_204=
    0     2
    2    -1
   -3    -3
   -2    -2
   -2    -1
    1     1
    0    -1

r4_lp15_205=
    0     3
   -1    -3
   -3    -2
   -2    -2
    1     1
    0    -1

r4_lp15_206=
    0     3
    2    -1
   -3    -3
   -2    -2
   -1     1
    1     0

r4_lp15_207=
   -1    -3
   -3    -1
    1     2
    1     1
    0    -2
   -2    -1

r4_lp15_208=
   -1    -3
   -3    -1
    2     1
    1     0
   -2    -2

r4_lp15_209=
    0     2
   -1    -3
   -3    -2
   -2    -1
    1     1
    0    -2

r4_lp15_210=
   -1    -3
   -3    -2
    1     1
    1     1
    0    -2
   -2    -1

r4_lp15_211=
   -1    -3
   -3     2
    3     2
    1     1
   -1    -2
   -2    -1

r4_lp15_212=
   -1    -3
   -3     1
    2     2
    1     1
   -1    -2
   -2    -1

r4_lp15_213=
   -1    -3
   -3     1
    3     1
    1    -1
   -2    -2

r4_lp15_214=
    0     1
    2    -1
   -3    -3
   -2    -2
   -1     1
    1    -1

r4_lp15_215=
    0     2
   -1    -3
   -3    -1
   -2    -1
    1     1
   -1    -2

r4_lp15_216=
   -1    -3
   -3    -1
    1     1
    1     1
   -1    -2
   -2    -1

r4_lp15_217=
   -1    -3
   -3    -2
   -1     2
    1     1
   -1    -2
   -2    -1

r4_lp15_218=
   -1    -3
   -3    -2
    2     1
    1    -2
   -2    -1

r4_lp15_219=
   -1    -3
   -4    -2
    1     3
    1     1
    0    -1
   -2    -2

r4_lp15_220=
   -1    -3
   -4    -3
    3     2
    1     1
    0    -1
   -2    -1

r4_lp15_221=
   -1    -3
   -4    -3
    2     2
    1     1
    0    -1
   -2    -1

r4_lp15_222=
   -1    -3
   -4    -3
    2     3
    1     1
    0    -1
   -2    -2

r4_lp15_223=
   -1    -3
   -4    -3
    1     2
    1     1
    0    -1
   -2    -1

r4_lp15_224=
    0     2
   -1    -3
   -4    -3
   -2    -1
    1     1
    0    -1

r4_lp15_225=
   -1    -3
   -4    -3
   -1     2
    1     1
    0    -1
   -2    -1

r4_lp15_226=
   -1    -3
   -4    -2
    2     1
    1     0
   -2    -1

r4_lp15_227=
   -1    -3
   -4    -2
    1     1
    1     0
   -2    -2

r4_lp15_228=
   -1    -3
   -4    -3
    2     1
    1     0
   -2    -1

r4_lp15_229=
   -1    -3
   -2     1
    2     1
    2    -2
   -2    -1

r4_lp15_230=
   -1    -3
   -3    -1
    2     2
    1     2
    1    -2
   -2    -1

r4_lp15_231=
   -1    -3
   -3    -1
    3     1
    2     1
   -2    -2

r4_lp15_232=
   -1    -3
   -3    -2
    1     3
    2     1
    2     1
   -1    -2
   -2    -1

r4_lp15_233=
    0     2
    2    -1
   -3    -3
   -2    -2
   -2    -1
    1     2
    1    -1

r4_lp15_234=
    0     2
   -1    -3
   -3    -2
   -2    -1
    1     2
    1    -2

r4_lp15_235=
   -1    -3
   -3     1
    3     2
    1     2
    0    -2
   -2    -1

r4_lp15_236=
   -1    -3
   -3    -2
    2     3
    2     1
    2     0
   -1    -2
   -2    -1

r4_lp15_237=
   -1    -3
   -3    -2
    1     2
    2     1
    2     0
   -1    -2
   -2    -1

r4_lp15_238=
   -1    -3
   -3    -2
    1     3
    1     2
    0    -1
   -2    -2

r4_lp15_239=
    0     1
    2    -1
   -3    -3
   -2    -2
   -2    -1
    1     2
    0    -1

r4_lp15_240=
    0     2
    2    -1
   -3    -3
   -2    -2
   -1     1
    2     0

r4_lp15_241=
    0     3
   -1    -3
   -3    -2
   -2     1
    2     0

r4_lp15_242=
    0     2
   -1    -3
   -3    -1
   -2    -1
    1     2
    0    -2

r4_lp15_243=
   -1    -3
   -3    -2
   -1     2
    1     2
    0    -2
   -2    -1

r4_lp15_244=
    0     1
   -1    -3
   -3    -2
   -2    -1
    1     2
    0    -2

r4_lp15_245=
    0    -1
   -3    -3
   -2     1
    0     1
    2     0
   -2    -2

r4_lp15_246=
   -1    -3
   -3     3
    2     1
    2    -1
   -2    -1

r4_lp15_247=
   -1    -3
   -3     2
    2     1
    2    -1
   -2    -1

r4_lp15_248=
   -1    -3
   -3     2
    3     1
    2    -1
   -2    -2

r4_lp15_249=
   -1    -3
   -3     1
    2     1
    2    -1
   -2    -1

r4_lp15_250=
    0     2
   -1    -3
   -3    -2
   -1     1
    2    -1

r4_lp15_251=
   -1    -3
   -3    -1
    2     1
    2    -1
   -2    -1

r4_lp15_252=
   -1    -3
   -3    -2
    2     1
    2    -1
   -2    -1

r4_lp15_253=
   -1    -3
   -3     2
    1     2
   -2    -1

r4_lp15_254=
   -1    -3
   -4     2
    3     2
    1     2
    0    -2
   -2    -1

r4_lp15_255=
   -1    -3
   -4     1
    2     2
    1     2
    0    -2
   -2    -1

r4_lp15_256=
   -1    -3
   -4     1
    3     1
    2     0
   -2    -2

r4_lp15_257=
   -1    -3
   -4    -2
    3     2
    1     2
    0    -1
   -2    -1

r4_lp15_258=
   -1    -3
   -4    -2
    2     2
    1     2
    0    -1
   -2    -1

r4_lp15_259=
   -1    -3
   -4    -2
    2     3
    1     2
    0    -1
   -2    -2

r4_lp15_260=
   -1    -3
   -4    -2
    1     2
    1     2
    0    -1
   -2    -1

r4_lp15_261=
    0     2
   -1    -3
   -4    -2
   -1     1
    2     0

r4_lp15_262=
   -1    -3
   -4    -1
    2     1
    2     0
   -2    -1

r4_lp15_263=
    0     1
   -1    -3
   -4    -1
   -2    -1
    1     2
    0    -2

r4_lp15_264=
    0    -1
   -3    -4
   -1     1
    0     1
    2     0
   -2    -2

r4_lp15_265=
   -1    -3
   -4    -3
    3     1
    2     0
   -1    -2

r4_lp15_266=
   -1    -3
   -4    -3
    2     1
    2     0
   -1    -2

r4_lp15_267=
   -1    -3
   -4    -3
    1     1
    1     2
    0    -1
   -2    -1

r4_lp15_268=
    0     1
   -1    -3
   -4    -3
   -2    -1
    1     2
    0    -1

r4_lp15_269=
    0    -1
   -3    -4
   -3     0
    1     0
    1     2
    0    -1
   -2    -2

r4_lp15_270=
   -1    -3
   -4    -3
   -1     1
    1     2
    0    -1
   -2    -1

r4_lp15_271=
    0    -1
   -3    -4
   -3    -1
    0     0
    1     2
    0    -1
   -2    -2

r4_lp15_272=
   -1    -3
   -4    -3
   -1     1
    1     2
    0    -1
   -2    -2

r4_lp15_273=
   -1    -3
   -4    -2
    1     1
    2     0
   -2    -1

r4_lp15_274=
    0    -1
   -3    -4
   -2    -1
    0     0
    1     2
    0    -2
   -2    -1

r4_lp15_275=
    0    -1
   -3    -4
   -2     0
   -1     1
    2     0
   -2    -2

r4_lp15_276=
   -1    -3
   -4    -3
    1     1
    2     0
   -2    -1

r4_lp15_277=
    0    -1
   -3    -4
   -3    -2
    0     0
    1     2
    0    -2
   -2    -1

r4_lp15_278=
    0    -1
   -3    -4
   -3    -1
   -1     1
    2     0
   -2    -2

r4_lp15_279=
    0    -1
   -3    -4
   -3    -1
    0     1
    2     0
   -2    -2

r4_lp15_280=
    0    -1
   -3    -4
   -3    -2
    1     2
    0    -2

r4_lp15_281=
    1    -3
   -3    -1
    2     0
    1    -2
   -2    -1

r4_lp15_282=
    1    -3
   -4    -2
    1     3
    0     1
    0    -1
   -2    -2

r4_lp15_283=
    1    -3
   -4    -1
    2     0
    1     0
   -2    -2

r4_lp15_284=
    1    -3
   -4    -3
    2     3
    0     1
    0    -1
   -2    -2

r4_lp15_285=
    1    -3
   -4    -3
    1     2
    2     0
    1     0
   -1    -2
   -2    -1

r4_lp15_286=
    1    -3
   -4    -3
    0     1
    2     0
    1     0
   -1    -2
   -2    -1

r4_lp15_287=
    1    -3
   -4    -3
   -1     0
    2     0
    1     0
   -1    -2
   -2    -1

r4_lp15_288=
    1    -3
   -4    -3
   -1     1
    0     1
    0    -1
   -2    -2

r4_lp15_289=
    1    -3
   -4    -2
   -1     2
    0     1
    0    -2
   -2    -1

r4_lp15_290=
    1    -3
   -4    -2
    0     1
    0     1
    0    -2
   -2    -1

r4_lp15_291=
    1    -3
   -4    -3
   -2     2
    0     1
    0    -2
   -2    -1

r4_lp15_292=
    1    -3
   -4    -3
    0     0
    1     0
   -2    -2

r4_lp15_293=
    1    -2
   -3    -3
   -1     2
    0     1
    0    -2
   -2    -1

r4_lp15_294=
    1    -2
   -4    -3
   -2     2
    0     1
    0    -2
   -2    -1

r4_lp15_295=
    1    -2
   -3    -3
   -2     2
    0     1
    1    -2
   -2    -1

r4_lp15_296=
    1    -2
   -3    -4
   -2     1
    2     2
    0     1
    1     0
   -1    -2
   -2    -1

r4_lp15_297=
    1    -2
   -3    -4
   -3     3
    0     1
    1     0
   -1    -2

r4_lp15_298=
    1    -2
   -3    -4
   -3     2
    2     0
    1     1
    0    -1
   -2    -1

r4_lp15_299=
    1    -2
   -3    -4
   -3     2
    0     1
    1     0
   -2    -1

r4_lp15_300=
    1    -1
   -4    -2
    1     3
    0     1
    0    -1
   -2    -2

r4_lp15_301=
    1    -1
   -4     0
    2     2
    0     1
    0    -2
   -2    -1

r4_lp15_302=
    1    -1
   -4    -3
    2     3
    0     1
    0    -1
   -2    -2

r4_lp15_303=
    1    -1
   -4    -3
    1     2
    2     0
    1     0
   -1    -2
   -2    -1

r4_lp15_304=
    1    -1
   -4    -3
   -1     0
    2     0
    1     0
   -1    -2
   -2    -1

r4_lp15_305=
    1    -1
   -4    -2
   -1     2
    0     1
    0    -2
   -2    -1

r4_lp15_306=
    1    -1
   -4    -3
   -2     2
    0     1
    0    -2
   -2    -1

r4_lp15_307=
    1    -1
   -2    -3
   -3     2
    3     0
    1     1
    0    -1
   -2    -2

r4_lp15_308=
    1    -1
   -2    -3
   -3     1
    2     2
    0     1
    1     0
   -1    -2
   -2    -1

r4_lp15_309=
    1    -1
   -2    -4
   -3     3
    0     1
    1     0
   -1    -2

r4_lp15_310=
    1    -1
   -2    -4
   -2     2
    0     1
    1     0
   -2    -1

r4_lp15_311=
    1    -1
   -2    -4
   -3     2
    0     1
    1     0
   -2    -1

r4_lp15_312=
    1    -1
   -3    -3
    3     0
    1     1
   -1    -2

r4_lp15_313=
    1    -1
   -3    -3
    2     0
    1     1
   -2    -1

r4_lp15_314=
    1    -3
   -2     0
    2     0
    2    -2
   -2    -1

r4_lp15_315=
    1    -3
   -2     1
    0     2
   -2    -2

r4_lp15_316=
    1    -3
   -3    -2
   -1     2
    0     2
    1    -2
   -2    -1

r4_lp15_317=
    1    -3
   -3    -2
    0     1
    0     2
    1    -2
   -2    -1

r4_lp15_318=
    1    -3
   -3     1
    2     2
    0     2
    0    -2
   -2    -1

r4_lp15_319=
    1    -3
   -3     0
    1     2
    0     2
    0    -2
   -2    -1

r4_lp15_320=
    1    -3
   -3     0
    2     0
    2     0
   -2    -2

r4_lp15_321=
    1    -3
   -3    -2
    3     0
    2     0
   -1    -2

r4_lp15_322=
    1    -3
   -3    -2
    2     2
    0     2
    0    -1
   -2    -1

r4_lp15_323=
    1    -3
   -3    -2
    1     2
    0     2
    0    -1
   -2    -1

r4_lp15_324=
    1    -3
   -3    -2
    2     0
    2     0
   -2    -1

r4_lp15_325=
    1    -3
   -3    -2
   -1     1
    0     2
    0    -2
   -2    -1

r4_lp15_326=
    1    -3
   -3    -2
    0     0
    2     0
   -2    -2

r4_lp15_327=
    1    -3
   -3     2
    0     2
   -1    -2

r4_lp15_328=
    1    -3
   -3     1
    0     2
   -1    -2

r4_lp15_329=
    1    -3
   -3     0
    1     0
    2    -1
   -2    -1

r4_lp15_330=
    1    -3
   -3    -1
    1     0
    2    -1
   -2    -1

r4_lp15_331=
    1    -3
   -3    -1
    0     0
    2    -1
   -2    -2

r4_lp15_332=
    1    -3
   -3    -2
    1     0
    2    -1
   -2    -1

r4_lp15_333=
    1    -3
   -3     1
    0     2
   -2    -1

r4_lp15_334=
    1    -3
   -4    -1
    3     0
    2     0
   -1    -2

r4_lp15_335=
    1    -3
   -4     2
    2     0
    2     0
   -2    -1

r4_lp15_336=
    1    -3
   -4     1
    2     0
    2     0
   -2    -1

r4_lp15_337=
    1    -3
   -4     1
    2     0
    2     0
   -2    -2

r4_lp15_338=
    1    -3
   -4    -2
    2     0
    2     0
   -1    -2

r4_lp15_339=
    1    -3
   -4    -2
    1     0
    2     0
   -1    -2

r4_lp15_340=
    1    -3
   -4     0
    1     0
    2     0
   -2    -1

r4_lp15_341=
    1    -3
   -4    -1
    1     0
    2     0
   -2    -1

r4_lp15_342=
    1    -3
   -4    -1
    0     0
    2     0
   -2    -2

r4_lp15_343=
    1    -3
   -4    -3
    0     0
    2     0
   -1    -2

r4_lp15_344=
    1    -3
   -4    -3
   -1     0
    2     0
   -1    -2

r4_lp15_345=
    1    -3
   -4    -2
    0     0
    2     0
   -2    -1

r4_lp15_346=
    1    -3
   -4    -3
    0     0
    2     0
   -2    -1

r4_lp15_347=
    1    -3
   -4    -3
   -2     0
    2     0
   -2    -2

r4_lp15_348=
    3    -4
   -3     3
   -1     0
   -2    -2

r4_lp15_349=
   -3    -3
    3     3
    0    -2
   -2    -1

r4_lp15_350=
   -2     3
    3    -3
   -4    -2
   -2    -1
    0     0

r4_lp15_351=
    2     3
   -3    -4
   -3    -2
   -1     0
    0    -2

r4_lp15_352=
   -2    -3
   -3     3
    3     0
   -1    -2
   -2    -1

r4_lp15_353=
   -2    -3
   -3    -2
    3     3
    0     0
   -1    -2
   -2    -1

r4_lp15_354=
   -1     3
    3    -2
   -4    -3
   -2    -2
   -1     0
    0    -1

r4_lp15_355=
   -2    -4
   -2     2
    3     0
    0    -2
   -2    -1

r4_lp15_356=
    1     3
   -2    -4
   -3    -2
   -1     0
    0    -2

r4_lp15_357=
   -1    -3
   -3     3
    3     0
   -1    -2
   -2    -1

r4_lp15_358=
   -1    -2
   -3    -2
    3     3
    0     0
   -1    -2
   -2    -1

r4_lp15_359=
   -1    -3
   -3    -1
    3     3
    0     0
   -1    -2
   -2    -1

r4_lp15_360=
    0     3
    3    -1
   -4    -3
   -2    -2
   -1     0
    0    -1

r4_lp15_361=
   -1    -4
   -3    -1
    2     3
    0     0
   -1    -2
   -2    -1

r4_lp15_362=
   -1    -4
   -2     1
    3     0
    0    -2
   -2    -1

r4_lp15_363=
    0     3
   -1    -4
   -3    -2
   -1     0
    0    -2

r4_lp15_364=
    0    -3
   -3     3
    3     0
   -1    -2
   -2    -1

r4_lp15_365=
    0    -1
   -3    -2
    3     3
    0     0
   -1    -2
   -2    -1

r4_lp15_366=
    0    -2
   -3    -1
    3     3
    0     0
   -1    -2
   -2    -1

r4_lp15_367=
    0    -3
   -3     0
    3     3
    0     0
   -1    -2
   -2    -1

r4_lp15_368=
    1     3
    3    -3
   -3    -2
   -2    -1
    1    -1

r4_lp15_369=
    1     3
   -3    -3
   -1    -2
   -1     1
   -1    -2

r4_lp15_370=
    0     3
   -3    -3
   -2    -2
   -1     1
   -1    -2

r4_lp15_371=
    1     3
   -3    -3
   -2    -2
   -1     1
    0    -2

r4_lp15_372=
    2     3
   -3    -2
   -2    -1
    1    -2

r4_lp15_373=
   -1     3
   -3    -3
   -2    -1
    1    -2

r4_lp15_374=
    2     3
    3    -3
   -4    -3
   -2    -2
   -1     1
    0    -1

r4_lp15_375=
    1     2
    3    -3
   -4    -3
   -2    -2
   -1     1
    0    -1

r4_lp15_376=
    0     1
    3    -3
   -4    -3
   -2    -2
   -1     1
    0    -1

r4_lp15_377=
    0     3
   -3    -4
   -3    -1
   -2    -1
    1     0
   -1    -2

r4_lp15_378=
   -1     3
   -3    -4
   -2    -2
   -1     1
    0    -2

r4_lp15_379=
   -2     3
   -3    -4
   -3    -2
   -1     1
    0    -2

r4_lp15_380=
    1     3
   -2    -3
   -2    -1
    1    -2

r4_lp15_381=
    0     3
    3    -2
   -3    -2
   -2    -1
    1    -1

r4_lp15_382=
    1     3
   -2    -3
   -2    -2
   -1     1
   -1    -2

r4_lp15_383=
    0     3
   -2    -3
   -3    -2
   -1     1
   -1    -2

r4_lp15_384=
    1     3
    3    -2
   -3    -3
   -2    -2
   -1     1
    0    -1

r4_lp15_385=
    0     2
    3    -2
   -3    -3
   -2    -2
   -1     1
    0    -1

r4_lp15_386=
    1     3
   -2    -3
   -3    -1
   -2    -1
    1     0
   -1    -2

r4_lp15_387=
    0     3
   -2    -3
   -3    -2
   -2    -1
    1     0
   -1    -2

r4_lp15_388=
   -1     3
   -2    -3
   -3    -2
   -1     1
    0    -2

r4_lp15_389=
   -2    -4
   -3     2
    3     3
    1     0
   -1    -2
   -2    -1

r4_lp15_390=
    1     2
    3    -2
   -4    -3
   -2    -2
   -1     1
    0    -1

r4_lp15_391=
    0     1
    3    -2
   -4    -3
   -2    -2
   -1     1
    0    -1

r4_lp15_392=
    0     3
   -2    -4
   -3    -1
   -2    -1
    1     0
   -1    -2

r4_lp15_393=
   -1     3
   -2    -4
   -2    -2
   -1     1
    0    -2

r4_lp15_394=
   -2    -4
   -3    -2
    3     1
    0    -2
   -2    -1

r4_lp15_395=
    1     3
   -2    -3
   -2    -2
   -1     1
    1    -2

r4_lp15_396=
    0     3
   -2    -3
   -3    -2
   -2    -1
    1     1
    0    -2

r4_lp15_397=
   -2    -3
   -3     2
    3     3
    1     1
   -1    -2
   -2    -1

r4_lp15_398=
    1     2
    3    -2
   -3    -3
   -2    -2
   -1     1
    1    -1

r4_lp15_399=
    0     1
    3    -2
   -3    -3
   -2    -2
   -1     1
    1    -1

r4_lp15_400=
    0     3
   -2    -3
   -3    -1
   -2    -1
    1     1
   -1    -2

r4_lp15_401=
   -1     3
   -2    -3
   -3    -2
   -2    -1
    1     1
   -1    -2

r4_lp15_402=
   -2    -3
   -3    -2
    3     1
    1    -2
   -2    -1

r4_lp15_403=
   -2    -3
   -4    -3
    3     3
    1     1
    0    -1
   -2    -1

r4_lp15_404=
   -2    -3
   -4    -3
    2     3
    1     1
    0    -1
   -2    -1

r4_lp15_405=
    1     3
   -2    -3
   -4    -3
   -2    -1
    1     1
    0    -1

r4_lp15_406=
    0     3
   -2    -3
   -4    -3
   -2    -1
    1     1
    0    -1

r4_lp15_407=
   -1     3
   -2    -3
   -4    -3
   -2    -1
    1     1
    0    -1

r4_lp15_408=
   -2    -3
   -4    -2
    3     1
    1     0
   -2    -1

r4_lp15_409=
   -2    -3
   -4    -3
    3     1
    1     0
   -2    -1

r4_lp15_410=
    1    -3
   -2     1
    3     0
    1    -2
   -2    -1

r4_lp15_411=
    1    -3
   -3    -2
    0     3
    0     1
    0    -2
   -2    -1

r4_lp15_412=
    1    -3
   -3    -1
    0     3
    0     1
   -1    -2
   -2    -1

r4_lp15_413=
    1    -3
   -3    -2
   -1     3
    0     1
   -1    -2
   -2    -1

r4_lp15_414=
    1    -3
   -3    -2
    3     0
    1    -2
   -2    -1

r4_lp15_415=
    1    -3
   -4    -3
    3     3
    0     1
    0    -1
   -2    -1

r4_lp15_416=
    1    -3
   -4    -3
    2     3
    0     1
    0    -1
   -2    -1

r4_lp15_417=
    1    -3
   -4    -3
   -1     3
    0     1
    0    -1
   -2    -1

r4_lp15_418=
    1    -3
   -4    -2
    3     0
    1     0
   -2    -1

r4_lp15_419=
    1    -3
   -4    -3
    3     0
    1     0
   -2    -1

r4_lp15_420=
    1    -2
   -3     0
    3     0
    1    -2
   -2    -1

r4_lp15_421=
    1    -2
   -3    -2
    0     3
    0     1
   -1    -2
   -2    -1

r4_lp15_422=
    1    -2
   -3    -3
   -1     3
    0     1
   -1    -2
   -2    -1

r4_lp15_423=
    1    -2
   -3    -3
    2     3
    3     0
    1     0
   -1    -2
   -2    -1

r4_lp15_424=
    1    -2
   -3    -3
    1     2
    3     0
    1     0
   -1    -2
   -2    -1

r4_lp15_425=
    1    -2
   -3    -3
   -2    -1
    3     0
    1     0
   -1    -2
   -2    -1

r4_lp15_426=
    1    -2
   -3    -3
   -2     3
    0     1
    0    -2
   -2    -1

r4_lp15_427=
    1    -2
   -4    -3
    3     3
    0     1
    0    -1
   -2    -1

r4_lp15_428=
    1    -2
   -4    -3
    2     3
    0     1
    0    -1
   -2    -1

r4_lp15_429=
    1    -2
   -4    -3
    1     3
    0     1
    0    -1
   -2    -1

r4_lp15_430=
    1    -2
   -4    -3
    0     3
    0     1
    0    -1
   -2    -1

r4_lp15_431=
    1    -2
   -4    -3
   -1     3
    0     1
    0    -1
   -2    -1

r4_lp15_432=
    1    -2
   -4    -2
    3     0
    1     0
   -2    -1

r4_lp15_433=
    1    -2
   -4    -3
    3     0
    1     0
   -2    -1

r4_lp15_434=
    1    -2
   -3    -2
    0     3
    0     1
    1    -2
   -2    -1

r4_lp15_435=
    1    -2
   -3    -3
   -2    -1
    3     0
    1     1
    0    -2
   -2    -1

r4_lp15_436=
    1    -2
   -3    -3
    3     3
    0     1
    1    -1
   -2    -1

r4_lp15_437=
    1    -2
   -3    -3
    2     3
    0     1
    1    -1
   -2    -1

r4_lp15_438=
    1    -2
   -3    -3
    1     3
    0     1
    1    -1
   -2    -1

r4_lp15_439=
    1    -2
   -3    -3
    0     3
    0     1
    1    -1
   -2    -1

r4_lp15_440=
    1    -2
   -3    -3
   -1     3
    0     1
    1    -1
   -2    -1

r4_lp15_441=
    1    -2
   -3    -3
   -2     3
    0     1
    1    -1
   -2    -1

r4_lp15_442=
    1    -2
   -3    -3
    3     0
    1     1
   -2    -1

r4_lp15_443=
    0     1
    3    -1
   -4    -2
   -2    -1
    1     0

r4_lp15_444=
    0     3
   -1    -4
   -1    -2
   -1     1
    0    -2

r4_lp15_445=
   -1    -4
   -3     3
    3     1
    0    -1
   -2    -1

r4_lp15_446=
   -1    -4
   -3     2
    3     1
    0    -1
   -2    -1

r4_lp15_447=
   -1    -4
   -3     1
    3     1
    0    -1
   -2    -1

r4_lp15_448=
    0     3
   -1    -4
   -3    -2
   -1     1
    0    -1

r4_lp15_449=
   -1    -4
   -3    -1
    3     1
    0    -1
   -2    -1

r4_lp15_450=
   -1    -4
   -2     3
    1     0
   -2    -1

r4_lp15_451=
   -1    -4
   -3     3
    1     0
   -2    -1

r4_lp15_452=
   -1    -2
   -3    -1
    3     1
    1    -2
   -2    -1

r4_lp15_453=
   -1    -2
   -3    -2
   -1     3
    1     1
   -1    -2
   -2    -1

r4_lp15_454=
   -1    -2
   -3    -3
   -2     3
    1     1
   -1    -2
   -2    -1

r4_lp15_455=
   -1    -2
   -3    -3
   -2     3
    1     1
    0    -1
   -2    -1

r4_lp15_456=
   -1    -2
   -3    -3
    3     1
    1     0
   -2    -1

r4_lp15_457=
   -1    -2
   -4    -1
    3     1
    1     0
   -2    -1

r4_lp15_458=
   -1    -3
   -2    -1
    3     1
    1    -2
   -2    -1

r4_lp15_459=
   -1    -3
   -3    -2
    3     1
    1     0
   -2    -1

r4_lp15_460=
   -2     3
   -3    -3
   -2    -1
    2     1

r4_lp15_461=
   -1     3
   -3    -2
   -2    -1
    2    -2

r4_lp15_462=
    3    -3
   -4     3
   -1     2
    0    -2

r4_lp15_463=
    1    -3
   -4    -2
   -1     2
    0    -3

r4_lp15_464=
    0    -2
   -3    -4
   -3    -2
    0    -1
    1     1
    0    -2
   -3    -2

r4_lp15_465=
    0    -3
   -4    -2
    0    -1
    2     0
   -3    -2

r4_lp15_466=
    0     1
   -3    -4
   -3    -2
   -2    -1
    1     0
   -2    -3

r4_lp15_467=
    0     1
   -2    -4
   -3    -2
   -2    -1
    1     0
   -2    -3

r4_lp15_468=
    0     1
   -2    -3
   -4    -2
   -2    -1
    1     1
    0    -3

r4_lp15_469=
    0    -3
   -4    -2
    0     1
    0     1
    0    -3
   -2    -1

r4_lp15_470=
    0    -3
   -4    -3
   -2     0
    0     1
    0    -2
   -3    -2

r4_lp15_471=
    0    -2
   -4    -2
    0     1
    0     1
    0    -3
   -2    -1

r4_lp15_472=
    0    -3
   -4    -2
    0     0
    2     0
   -3    -1

r4_lp15_473=
    2    -3
   -3    -2
   -1     1
   -2    -3

r4_lp15_474=
    2    -3
   -4    -2
   -1     1
    0    -3

r4_lp15_475=
    0    -3
   -3    -2
    2     0
    1    -1
   -3    -1

r4_lp15_476=
   -2    -3
   -3    -2
    2     1
   -1    -2
   -3    -1

r4_lp15_477=
   -2    -3
   -3    -2
    2     1
    1     0
   -3    -1

r4_lp15_478=
    2    -3
   -3    -2
   -1     2
    1    -3

r4_lp15_479=
   -1    -3
   -3    -2
    2     1
    0    -1
   -3    -1

r4_lp15_480=
    0     1
   -1    -4
   -2    -2
   -1     1
    0    -3

r4_lp15_481=
    0    -1
   -4    -3
   -2     0
    0     1
    0    -2
   -3    -2

r4_lp15_482=
   -1    -2
   -3    -2
    2     1
    1    -2
   -3    -1

r4_lp15_483=
   -1    -2
   -3    -2
    2     1
    1     0
   -3    -1

r4_lp15_484=
    0    -1
   -2    -4
   -3    -2
    0    -1
    1     1
    0    -2
   -3    -2

r4_lp15_485=
   -1    -3
   -2     2
    1     1
   -3    -1

r4_lp15_486=
    0    -1
   -3    -4
   -3    -2
   -2     1
    1     0
   -2    -3

r4_lp15_487=
   -1    -3
   -2     2
    1     2
   -3    -1

r4_lp15_488=
    0    -1
   -3    -4
   -2    -1
    1     2
    0    -3

r4_lp15_489=
    0    -1
   -3    -4
   -2    -2
    1     2
    0    -3

r4_lp15_490=
    1    -3
   -3    -2
    2     0
    1     0
   -3    -1

r4_lp15_491=
    1    -3
   -3    -2
    0     1
    0     1
   -1    -3
   -2    -1

r4_lp15_492=
    1    -3
   -3    -2
    0     0
    1    -2
   -3    -2

r4_lp15_493=
    1    -3
   -4    -2
    0     0
    1     0
   -3    -2

r4_lp15_494=
    1    -2
   -3    -2
    2     0
    1    -2
   -3    -1

r4_lp15_495=
    1    -2
   -3    -3
   -2     0
    1     0
    1    -1
   -2    -3
   -2    -1

r4_lp15_496=
    1    -2
   -3    -2
    2     0
    1     0
   -3    -1

r4_lp15_497=
    1    -2
   -3    -3
   -2     0
    1     0
    1     0
   -1    -3
   -2    -1

r4_lp15_498=
    1    -2
   -3    -3
   -2     0
    0     1
    0    -2
   -3    -2

r4_lp15_499=
    1    -2
   -4    -2
    0     0
    1     0
   -3    -2

r4_lp15_500=
    1    -2
   -3    -2
    2     0
    1     1
   -3    -1

r4_lp15_501=
    1    -2
   -3    -3
   -2     0
    1     0
    1     1
    0    -3
   -2    -1

r4_lp15_502=
    1    -2
   -3    -3
   -2     0
    0     1
    1    -1
   -3    -2

r4_lp15_503=
    1    -1
   -3    -3
   -2     0
    1     0
    1    -1
   -2    -3
   -2    -1

r4_lp15_504=
    1    -1
   -3    -2
    2     0
    1     0
   -3    -1

r4_lp15_505=
    1    -1
   -3    -3
   -2     0
    1     0
    1     0
   -1    -3
   -2    -1

r4_lp15_506=
    1    -1
   -4    -2
    0     0
    1     0
   -3    -2

r4_lp15_507=
    1    -1
   -2    -3
   -2     0
    1     0
    1     1
   -2    -3
   -2    -1

r4_lp15_508=
    1    -1
   -2    -3
   -3    -2
    0     0
    1     1
   -1    -2
   -3    -2

r4_lp15_509=
    1    -1
   -2    -3
   -2     0
    1     0
    1     1
    0    -3
   -2    -1

r4_lp15_510=
    1    -1
   -2    -3
   -3    -2
    0     0
    1     1
    0    -1
   -3    -2

r4_lp15_511=
    1    -1
   -3    -2
    0     1
    0     1
    1    -3
   -2    -1

r4_lp15_512=
    1    -3
   -2     0
    1     0
    2    -3
   -2    -1

r4_lp15_513=
    1    -3
   -3    -2
    1     0
    2     1
   -3    -1

r4_lp15_514=
    1    -3
   -3    -2
    0     0
    2     1
   -3    -2

r4_lp15_515=
   -2    -4
   -3    -2
    3     0
    0    -2
   -3    -1

r4_lp15_516=
   -1    -4
   -2     3
    0     0
   -3    -1

r4_lp15_517=
   -2     3
   -3    -3
   -3    -1
    1     0

r4_lp15_518=
   -2    -3
   -2     3
    1    -2
   -3    -1

r4_lp15_519=
   -2    -3
   -2     3
    1    -1
   -3    -1

r4_lp15_520=
   -2    -3
   -2     3
    1     1
   -3    -1

r4_lp15_521=
    1    -3
   -2     3
    0     1
   -3    -1

r4_lp15_522=
    1    -2
   -2     3
    0     1
   -3    -1

r4_lp15_523=
   -1    -3
   -4    -3
   -2     1
    0     1
    0    -2
   -3    -2

r4_lp15_524=
    1    -2
   -4    -3
   -2    -2
    1     0
   -2    -3

r4_lp15_525=
    1    -2
   -3    -4
   -2    -2
    1     1
    0    -3

r4_lp15_526=
    1    -3
   -4    -2
    1    -1
    1     0
   -3    -2

r4_lp15_527=
    1    -2
   -4    -2
    1    -1
    1     0
   -3    -2

r4_lp15_528=
    1    -2
   -3    -3
   -2     1
   -1     1
    1    -1
   -3    -2

r4_lp15_529=
    1    -3
   -3    -2
    1    -1
    2     0
   -3    -2

r4_lp15_530=
    0    -3
   -3    -2
    1     1
    0     1
   -1    -3
   -2    -1

r4_lp15_531=
    0    -3
   -3    -2
    1     0
    1    -2
   -3    -2

r4_lp15_532=
    0    -3
   -4    -2
    1     0
    1     0
   -3    -2

r4_lp15_533=
    0    -2
   -4    -2
    1     0
    1     0
   -3    -2

r4_lp15_534=
    0    -2
   -3    -3
   -2     1
    1     0
    1     1
    0    -3
   -2    -1

r4_lp15_535=
    0    -2
   -3    -3
   -2     1
    0     1
    1    -1
   -3    -2

r4_lp15_536=
    0    -3
   -3    -2
    1     1
    0     2
    1    -3
   -2    -1

r4_lp15_537=
    0    -3
   -3    -2
    1     0
    2     0
   -3    -2

r4_lp15_538=
    1     2
   -3    -3
   -2    -2
   -1     1
   -1    -3

r4_lp15_539=
    0    -3
   -3    -2
    1     2
    0     1
    0    -3
   -2    -1

r4_lp15_540=
    1     2
   -2    -3
   -2    -2
   -1     1
    1    -3

r4_lp15_541=
    1     2
   -3    -2
   -2    -1
    2    -3

r4_lp15_542=
   -1    -3
   -2     1
    2     1
    0    -3
   -2    -1

r4_lp15_543=
   -1    -3
   -3    -2
    1     1
    1     0
   -1    -3
   -2    -1

r4_lp15_544=
    0    -1
   -4    -2
    1     0
    1     0
   -3    -2

r4_lp15_545=
   -1    -2
   -3    -2
    1     1
    1     1
   -2    -3
   -2    -1

r4_lp15_546=
   -1    -2
   -3    -2
    1     1
    1     1
   -1    -3
   -2    -1

r4_lp15_547=
   -1    -2
   -3    -2
    1     1
    1     1
    0    -3
   -2    -1

r4_lp15_548=
    0    -1
   -2    -3
   -3    -2
    1     0
    1     1
    0    -1
   -3    -2

r4_lp15_549=
   -1    -2
   -4    -2
    1     1
    1     0
   -3    -2

r4_lp15_550=
   -1    -3
   -2     1
    1     1
    1    -3
   -2    -1

r4_lp15_551=
    0    -1
   -3    -3
   -2     1
    0     1
    1     0
   -3    -2

r4_lp15_552=
   -1    -3
   -2     1
    1     1
    2    -3
   -2    -1

r4_lp15_553=
    0    -1
   -3    -3
   -2     1
    0     1
    2     1
   -3    -2

r4_lp15_554=
    1    -3
   -2     1
    2     0
    1    -3
   -2    -1

r4_lp15_555=
    1    -3
   -3    -2
    1     0
    1     0
   -3    -2

r4_lp15_556=
    1    -2
   -3    -2
    1     0
    1    -2
   -3    -2

r4_lp15_557=
    1    -2
   -3    -2
    1     0
    1    -1
   -3    -2

r4_lp15_558=
    1    -2
   -3    -2
    1     0
    1     1
   -3    -2

r4_lp15_559=
    1    -1
   -3    -2
    1     0
    1    -1
   -3    -2

r4_lp15_560=
    1    -1
   -3    -2
    1     0
    1     0
   -3    -2

r4_lp15_561=
    1     3
   -3    -4
   -3    -2
   -2    -1
    0     0
   -2    -3

r4_lp15_562=
    1     3
   -2    -4
   -2    -2
   -1     0
    0    -3

r4_lp15_563=
    1     3
   -3    -2
   -2    -1
    1    -3

r4_lp15_564=
    2    -3
   -4    -3
   -2    -2
    1     0
   -2    -3

r4_lp15_565=
   -1    -4
   -3    -2
    2     0
    0    -2
   -3    -2

r4_lp15_566=
   -1    -3
   -4    -2
    2     0
    1     0
   -3    -2

r4_lp15_567=
   -2    -3
   -3    -2
    2     1
    0    -2
   -3    -2

r4_lp15_568=
   -2    -4
   -2     2
    1     0
   -3    -2

r4_lp15_569=
    2    -3
   -3    -2
   -2     2
    0    -3

r4_lp15_570=
   -1    -4
   -2     2
    1     0
    0    -3
   -2    -1

r4_lp15_571=
    1    -2
   -3    -3
   -2     2
   -1     1
   -1    -2
   -3    -2

r4_lp15_572=
    1    -2
   -3    -3
   -2     2
   -1     1
    0    -1
   -3    -2

r4_lp15_573=
    1    -2
   -3    -3
   -2     2
   -1     1
    1     0
   -3    -2

r4_lp15_574=
    1    -3
   -3    -2
    2    -1
    2     1
   -3    -2

r4_lp15_575=
    0    -3
   -3    -2
    2     0
    1     0
   -3    -2

r4_lp15_576=
    0    -2
   -3    -2
    2     0
    1    -2
   -3    -2

r4_lp15_577=
    0    -2
   -3    -2
    2     0
    1     0
   -3    -2

r4_lp15_578=
    0    -2
   -3    -2
    2     0
    1     1
   -3    -2

r4_lp15_579=
    2    -3
   -4    -3
   -2     2
   -1     0
    0    -2
   -3    -2

r4_lp15_580=
   -2    -4
   -2     2
    2     0
    0    -3
   -2    -1

r4_lp15_581=
    2    -3
   -3    -2
    2    -1
    1     0
   -3    -2

r4_lp15_582=
    0    -3
   -2     2
    2     0
    1    -3
   -2    -1

r4_lp15_583=
   -1    -3
   -2     2
    1     0
   -3    -2

r4_lp15_584=
    1    -3
   -2     2
    0     1
   -3    -2

r4_lp15_585=
    1    -2
   -2     2
    0     1
   -3    -2

r4_lp15_586=
    2     3
   -4    -3
   -2    -2
   -1     0
   -2    -3

r4_lp15_587=
    2     3
   -3    -3
   -2    -2
   -1     0
   -2    -3

r4_lp15_588=
    2     3
   -3    -4
   -2    -2
   -1     0
    0    -3

r4_lp15_589=
   -2    -3
   -3    -2
    2     3
    0    -1
   -2    -3
   -2    -1

r4_lp15_590=
   -2    -3
   -3    -2
    2     3
    0     0
   -1    -3
   -2    -1

r4_lp15_591=
   -1    -2
   -3    -2
    2     3
    0     0
   -1    -3
   -2    -1

r4_lp15_592=
   -1    -3
   -2     2
    3     0
    0    -3
   -2    -1

r4_lp15_593=
   -2    -4
   -3    -2
    3     0
    0    -2
   -3    -2

r4_lp15_594=
    1    -3
   -4    -3
   -2     3
   -1     0
    0    -2
   -3    -2

r4_lp15_595=
    1    -2
   -4    -2
    3    -1
    0     0
   -3    -2

r4_lp15_596=
   -2    -3
   -2     3
    1    -2
   -3    -2

r4_lp15_597=
   -2    -3
   -2     3
    1     0
   -3    -2

r4_lp15_598=
   -2    -3
   -2     3
    1     1
   -3    -2

r4_lp15_599=
    0    -2
   -3    -2
    3     0
    0    -2
   -3    -2

r4_lp15_600=
    0    -3
   -2     3
    0     0
   -3    -2

r4_lp15_601=
    0    -3
   -2     3
    0     1
   -3    -2

r4_lp15_602=
    2    -4
   -3    -2
    3    -1
    0    -2
   -3    -2

r4_lp15_603=
    2    -3
   -3    -2
    3    -1
    0    -2
   -3    -2

r4_lp15_604=
    2    -3
   -4    -2
    3    -1
    0     0
   -3    -2

r4_lp15_605=
   -2    -3
   -3    -2
    3     2
    0     0
   -1    -3
   -2    -1

r4_lp15_606=
   -1    -2
   -3    -2
    3     2
    0     0
   -2    -3
   -2    -1

r4_lp15_607=
   -1    -3
   -2     3
    2     0
    0    -3
   -2    -1

r4_lp15_608=
    2    -3
   -2     3
   -1     1
   -3    -2

r4_lp15_609=
   -1    -2
   -2     3
    2     1
   -1    -3
   -2    -1

r4_lp15_610=
   -1    -3
   -2     3
    1    -2
   -3    -2

r4_lp15_611=
   -1    -2
   -2     3
    1     0
   -3    -2

r4_lp15_612=
    1    -1
   -2    -2
    3     0
    1    -2
   -3    -2

r4_lp15_613=
   -2     3
    3    -4
   -3    -2
   -1     0

r4_lp15_614=
   -2    -3
   -2     3
    3     0
   -2    -3
   -2    -1

r4_lp15_615=
   -2    -3
   -2     3
    3     0
    0    -3
   -2    -1

r4_lp15_616=
   -1    -3
   -2     3
    3     0
   -1    -3
   -2    -1

r4_lp15_617=
   -1    -2
   -2     3
    3     0
    0    -3
   -2    -1

r4_lp15_618=
    0    -3
   -2     3
    3     0
   -1    -3
   -2    -1

r4_lp15_619=
    1    -3
   -2     3
    3     0
   -1    -3
   -2    -1

r4_lp15_620=
   -1    -2
    3     3
    1    -3
   -2    -1

r4_lp15_621=
    0    -2
   -3    -4
   -3    -2
   -1    -2
    1     2
    0    -2
   -3    -3

r4_lp15_622=
    0    -1
   -2    -3
   -4    -3
   -2    -1
   -2     0
    1     1
    0    -2
   -3    -3

r4_lp15_623=
    0    -1
   -3    -4
   -3    -1
   -2     0
    2     0
   -2    -3

r4_lp15_624=
    0    -1
   -3    -4
   -3    -2
   -1     0
   -1     0
    1     0
   -2    -3
   -3    -2

r4_lp15_625=
    0    -2
   -3    -4
   -3    -1
    0    -1
    1     1
    0    -2
   -3    -2

r4_lp15_626=
    0    -3
   -4    -1
    0    -1
    2     0
   -3    -2

r4_lp15_627=
    0    -3
   -4    -2
   -1    -1
    2     0
   -3    -3

r4_lp15_628=
    0    -3
   -4    -3
   -1    -1
    2     0
   -2    -3

r4_lp15_629=
    1    -3
   -4    -2
   -1    -1
    1     0
   -3    -3

r4_lp15_630=
    1    -3
   -4    -3
   -1    -1
    1     0
   -2    -3

r4_lp15_631=
    0    -3
   -4    -1
    0     0
    2     0
   -3    -1

r4_lp15_632=
   -1     2
   -3    -3
   -2    -3
   -1     1
   -1    -3

r4_lp15_633=
    0    -3
   -3    -2
   -1     2
    0     1
    0    -3
   -3    -1

r4_lp15_634=
   -1     2
   -2    -3
   -2    -3
   -1     1
    1    -3

r4_lp15_635=
   -1     2
   -3    -2
   -3    -1
    2    -3

r4_lp15_636=
   -1     2
   -3    -3
   -2    -3
   -1     2
    1    -2

r4_lp15_637=
   -1     2
   -3    -3
   -3    -1
    2     0

r4_lp15_638=
    0    -3
   -4    -3
   -2    -1
    1    -1
    1     0
   -2    -3
   -3    -2

r4_lp15_639=
   -1    -3
   -4    -2
   -1     1
    0     1
    0    -3
   -3    -2

r4_lp15_640=
    1    -2
   -3    -3
   -2    -1
    1    -1
    1     1
    0    -3
   -3    -2

r4_lp15_641=
    1    -2
   -3    -3
   -1     1
   -1     1
    1    -1
   -3    -2

r4_lp15_642=
    1    -3
   -3    -2
   -1     1
   -1     2
    1    -3
   -3    -2

r4_lp15_643=
    1    -3
   -3    -2
   -1     1
   -1     2
    0    -2
   -3    -2

r4_lp15_644=
    0    -3
   -3    -2
   -1     1
    1     0
    1     0
   -3    -3
   -2    -1

r4_lp15_645=
    0    -3
   -3    -1
    1     1
    0     1
   -1    -3
   -2    -1

r4_lp15_646=
    0    -3
   -3    -2
   -1     1
    0     1
   -1    -3
   -3    -2

r4_lp15_647=
    0    -2
   -3    -2
   -1     1
    1     0
    1     1
   -3    -3
   -2    -1

r4_lp15_648=
    0    -2
   -3    -3
   -2    -1
    1     1
    0     1
    1     0
   -2    -3
   -2    -1

r4_lp15_649=
    0    -3
   -3    -2
   -1     1
    0     2
    1    -3
   -3    -2

r4_lp15_650=
    0    -3
   -3    -1
    1     1
    0     2
    0    -3
   -2    -1

r4_lp15_651=
    1     2
   -3    -3
   -2    -1
   -2    -1
    1     0
   -3    -3

r4_lp15_652=
    0    -3
   -2    -1
    1     2
    0     1
   -3    -3
   -2    -1

r4_lp15_653=
    0    -3
   -3    -2
   -1     1
    2     0
    1     0
   -2    -3
   -2    -1

r4_lp15_654=
    1     2
   -2    -3
   -2    -1
   -2    -1
    1     1
   -2    -3

r4_lp15_655=
    1     2
   -2    -3
   -3    -1
   -2    -1
    1     1
    0    -3

r4_lp15_656=
    1     2
   -3    -2
   -1    -2
   -1     2
   -2    -3

r4_lp15_657=
    1     2
   -3    -3
   -1    -2
   -1     2
    1    -3

r4_lp15_658=
   -1    -3
   -2    -1
    2     1
    0    -3
   -3    -1

r4_lp15_659=
   -1    -3
   -2    -1
    1     1
    1     0
   -3    -3
   -2    -1

r4_lp15_660=
   -1    -3
   -3    -1
    1     1
    1     0
   -1    -3
   -2    -1

r4_lp15_661=
   -1    -2
   -3    -1
    1     1
    1     1
   -1    -3
   -2    -1

r4_lp15_662=
   -1    -3
   -1     1
    2     1
    1    -3
   -2    -1

r4_lp15_663=
    0    -1
   -3    -2
   -1     1
    0     1
    1    -3
   -3    -2

r4_lp15_664=
   -1    -3
   -3    -1
    1     1
    1     1
    0    -3
   -2    -1

r4_lp15_665=
   -1    -3
   -2    -1
    1     2
    1     2
   -1    -3
   -2    -1

r4_lp15_666=
   -1    -3
   -2    -1
    2     1
    2    -2
   -3    -1

r4_lp15_667=
   -1    -3
   -3    -1
    2     1
    2     1
   -3    -1

r4_lp15_668=
    1    -3
   -2    -1
    1     2
    0     1
   -2    -3
   -2    -1

r4_lp15_669=
    1    -3
   -2    -1
    2     0
    1    -3
   -3    -1

r4_lp15_670=
    1    -3
   -2    -1
    1     0
    1    -3
   -3    -2

r4_lp15_671=
    1    -3
   -3    -1
    1     2
    0     1
    0    -3
   -2    -1

r4_lp15_672=
    1    -3
   -3    -2
   -1     1
    0     1
    0    -2
   -3    -2

r4_lp15_673=
    1    -3
   -3    -2
   -1     1
    0     1
    0    -3
   -3    -1

r4_lp15_674=
    1    -3
   -3    -1
    0     0
    1    -2
   -3    -2

r4_lp15_675=
    1    -3
   -4    -2
   -1     0
    1     0
   -3    -3

r4_lp15_676=
    1    -3
   -4    -3
   -1     0
    1     0
   -2    -3

r4_lp15_677=
    1    -2
   -4    -2
   -1     0
    1     0
   -3    -3

r4_lp15_678=
    1    -2
   -3    -1
    1     2
    0     1
    1    -3
   -2    -1

r4_lp15_679=
    1    -2
   -3    -2
   -1     1
    0     1
    1    -2
   -3    -2

r4_lp15_680=
    1    -3
   -2    -1
    1     0
    2    -2
   -3    -1

r4_lp15_681=
    1    -3
   -2    -1
    0     0
    2    -3
   -3    -2

r4_lp15_682=
    1    -3
   -3    -1
    1     0
    2     1
   -3    -1

r4_lp15_683=
   -1     3
   -4    -3
   -2    -3
   -1     0
   -2    -3

r4_lp15_684=
   -1     3
   -3    -4
   -2    -3
   -1     0
    0    -3

r4_lp15_685=
   -1     3
   -3    -2
   -3    -1
    1    -2

r4_lp15_686=
   -1     3
   -2    -3
   -3    -1
    1     1

r4_lp15_687=
    1    -3
   -1     3
    0     1
   -3    -1

r4_lp15_688=
   -1     2
   -3    -4
   -2    -3
   -2     1
    0    -3

r4_lp15_689=
   -1    -4
   -2    -1
    2     0
    0    -3
   -3    -2

r4_lp15_690=
   -1     2
   -2    -3
   -3    -2
   -3    -2
    1    -1
   -2    -3

r4_lp15_691=
   -1     2
   -2    -3
   -3    -3
   -2     1
    0    -2

r4_lp15_692=
   -1     2
   -2    -4
   -3    -2
    1     0

r4_lp15_693=
    1    -2
   -3    -2
   -1     2
   -1     1
   -2    -3
   -3    -2

r4_lp15_694=
    1    -2
   -3    -3
   -1     2
   -1     1
   -1    -2
   -3    -2

r4_lp15_695=
    1    -3
   -3    -1
    2    -1
    2     0
   -3    -2

r4_lp15_696=
    0    -2
   -3    -1
    2     0
    1    -2
   -3    -2

r4_lp15_697=
    0    -2
   -3    -3
   -1     2
    0     1
    1     0
   -3    -2

r4_lp15_698=
   -1     2
    2    -3
   -4    -2
   -3    -2
   -1     0
    0    -3

r4_lp15_699=
   -1     2
    2    -3
   -2    -3
   -2    -1
    1    -3

r4_lp15_700=
    1    -3
   -1     2
    2     0
    1    -3
   -2    -1

r4_lp15_701=
    1    -3
   -2    -1
    2     0
    1    -2
   -3    -2

r4_lp15_702=
    1    -2
   -3    -1
    2     0
    1     1
   -3    -2

r4_lp15_703=
    1    -3
   -1     2
    0     2
   -3    -2

r4_lp15_704=
   -1     2
    3    -4
   -2    -3
   -2    -1
    0    -3

r4_lp15_705=
   -1     2
    3    -2
   -3    -2
   -3    -2
   -1     0
    0    -3

r4_lp15_706=
   -1     3
   -2    -4
   -2    -3
   -2     0
    0    -3

r4_lp15_707=
   -1     3
   -2    -3
   -3    -2
    1    -2

r4_lp15_708=
   -1     3
   -2    -3
   -2    -3
   -2     1
    1    -2

r4_lp15_709=
   -1     3
   -2    -3
   -3    -3
   -2     1
    1     0

r4_lp15_710=
    0    -2
   -3    -1
    3     0
    0    -2
   -3    -2

r4_lp15_711=
    0    -3
   -2    -1
    3     0
    1    -2
   -3    -2

r4_lp15_712=
    0    -3
   -3    -1
    3     0
    1     0
   -3    -2

r4_lp15_713=
   -1    -2
   -2    -1
    3     2
    1    -2
   -3    -3
   -2    -1

r4_lp15_714=
   -1    -2
   -2    -1
    3     1
   -1    -3
   -3    -2

r4_lp15_715=
   -1    -3
   -1     3
    1    -2
   -3    -2

r4_lp15_716=
    1    -1
   -2    -1
    3     0
    1    -3
   -3    -2

r4_lp15_717=
   -1     3
    3    -4
   -3    -2
   -1     0

r4_lp15_718=
    0     2
   -3    -2
   -3    -1
    1    -3

r4_lp15_719=
    0     2
   -2    -3
   -3    -1
    1    -2

r4_lp15_720=
    0     2
   -1    -4
   -3    -1
    1     0

r4_lp15_721=
    1    -2
   -3     0
    1     0
    1    -2
   -3    -2

r4_lp15_722=
    1    -2
   -3    -1
    0     1
    0     1
   -2    -3
   -3    -1

r4_lp15_723=
    1    -2
   -3    -3
    0     1
    0     1
   -1    -2
   -3    -1

r4_lp15_724=
    1    -2
   -4     0
    1     0
    1     0
   -3    -2

r4_lp15_725=
    1    -2
   -4    -3
    0     1
    0     1
    0    -1
   -3    -1

r4_lp15_726=
    1    -2
   -3    -4
    0     1
    0     1
    1     0
   -3    -1

r4_lp15_727=
    1    -2
   -3    -4
   -3     0
    0     1
    1     0
   -1    -3

r4_lp15_728=
    1    -1
   -3    -4
    0     0
    1     1
    0    -3

r4_lp15_729=
    0     3
   -4    -2
   -3    -1
    0    -3

r4_lp15_730=
    0    -3
   -2     0
    3     0
   -1    -3
   -3    -1

r4_lp15_731=
    0     3
   -2    -3
   -3    -1
    1    -1

r4_lp15_732=
    0     3
   -3    -2
   -3    -1
    2     0

r4_lp15_733=
    0     2
   -2    -3
   -2    -3
   -2     1
   -2    -3

r4_lp15_734=
    0     2
   -3    -4
   -3    -2
    2     0

r4_lp15_735=
    0     3
   -2    -3
   -3    -2
    1    -2

r4_lp15_736=
    0     3
   -2    -3
   -3    -3
   -2     1
    0    -1

r4_lp15_737=
    0     3
   -1    -2
   -2    -3
   -2     1
   -2    -3

r4_lp15_738=
    0     3
   -1    -3
   -3    -2
    1    -2

r4_lp15_739=
    0     3
    2    -1
   -2    -3
   -2    -1
    1    -3

r4_lp15_740=
   -1    -2
    1     3
    1    -3
   -3    -2

r4_lp15_741=
    2     3
   -4    -3
   -3    -1
    0    -2

r4_lp15_742=
    2     3
   -3    -3
   -3    -1
    0    -2

r4_lp15_743=
    1     2
    3    -2
   -3    -3
   -3    -1
    0    -2

r4_lp15_744=
   -2    -3
   -3     2
    3     0
   -1    -2
   -3    -1

r4_lp15_745=
   -2    -3
    2     3
    1    -1
   -3    -1

r4_lp15_746=
   -2    -3
   -2     3
    2    -2
   -2    -1

r4_lp15_747=
   -2    -3
   -3     3
    2    -1
   -2    -1

r4_lp15_748=
    0     3
   -2    -3
   -3    -1
    2     2

r4_lp15_749=
   -2    -3
   -3     3
    2     2
   -1    -2

r4_lp15_750=
    0    -3
    0     3
    1     2
   -3    -1

r4_lp15_751=
    0    -2
   -3     3
    1     2
   -2    -1

r4_lp15_752=
   -1    -2
    1     3
    2    -3
   -2    -1

r4_lp15_753=
   -1    -2
   -2     3
    2    -2
   -3    -1

r4_lp15_754=
   -1    -3
   -2     3
    2    -2
   -2    -1

r4_lp15_755=
   -1    -3
   -3     3
    2    -1
   -2    -1

r4_lp15_756=
   -1    -2
   -3     3
    2     1
   -2    -1

r4_lp15_757=
    2    -3
   -2     1
    0     1
   -3    -2

r4_lp15_758=
    2    -3
   -2     1
    0     2
   -3    -1

r4_lp15_759=
    2    -1
   -3     3
    0     2
   -2    -1

r4_lp15_760=
    3    -4
    2     3
    0     0
   -2    -2

r4_lp15_761=
    3    -4
    1     2
    3     0
    0    -2
   -2    -1

r4_lp15_762=
    3    -4
   -2     3
    0     0
   -1    -2

r4_lp15_763=
    3    -4
   -2     2
    3     0
    0    -1
   -2    -1

r4_lp15_764=
    3    -4
   -1     3
    0     0
   -2    -1

r4_lp15_765=
    3    -4
   -3     3
    0     0
   -1    -1

r4_lp15_766=
    3    -3
   -4    -1
    3     0
    1     0
   -1    -2

r4_lp15_767=
    3    -3
   -4     2
    3     0
    1     0
   -2    -1

r4_lp15_768=
    3    -3
   -4     1
    3     0
    1     0
   -2    -1

r4_lp15_769=
    3    -3
   -4     1
    2     0
    1     0
   -2    -2

r4_lp15_770=
    3    -3
   -4    -2
    3     0
    1     0
   -1    -1

r4_lp15_771=
    3    -3
   -4    -2
    2     0
    1     0
   -1    -2

r4_lp15_772=
    3    -3
   -4    -2
    1     0
    1     0
   -1    -2

r4_lp15_773=
    3    -3
   -4     0
    2     0
    1     0
   -2    -1

r4_lp15_774=
    3    -3
   -4    -1
    2     0
    1     0
   -2    -1

r4_lp15_775=
    3    -3
   -4    -1
    0     0
    1     0
   -2    -2

r4_lp15_776=
    3    -3
   -4    -3
    2     0
    1     0
   -1    -1

r4_lp15_777=
    3    -3
   -4    -3
    0     0
    1     0
   -1    -2

r4_lp15_778=
    3    -3
   -4    -3
   -1     0
    1     0
   -1    -2

r4_lp15_779=
    3    -3
   -4    -2
    1     0
    1     0
   -2    -1

r4_lp15_780=
    3    -3
   -4    -3
    1     0
    1     0
   -2    -1

r4_lp15_781=
    3    -3
   -4    -3
   -2     0
    1     0
   -2    -2

r4_lp15_782=
    3    -2
   -4    -1
    3     0
    1     0
   -1    -2

r4_lp15_783=
    3    -2
   -4     1
    3     0
    1     0
   -2    -1

r4_lp15_784=
    3    -2
   -4     1
    2     0
    1     0
   -2    -2

r4_lp15_785=
    3    -2
   -4    -2
    3     0
    1     0
   -1    -1

r4_lp15_786=
    3    -2
   -4    -2
    2     0
    1     0
   -1    -2

r4_lp15_787=
    3    -2
   -3    -4
    3     0
    1     1
    0    -2

r4_lp15_788=
    3    -2
   -3    -4
   -1     3
    0     1
    1     0
   -1    -1

r4_lp15_789=
    3    -2
   -3    -4
    2     0
    1     1
    0    -2

r4_lp15_790=
    3    -2
   -3    -4
    1     0
    1     1
    0    -2

r4_lp15_791=
    3    -2
   -3    -4
   -2     2
    0     1
    1     0
   -1    -1

r4_lp15_792=
    3    -2
   -3    -4
    0     0
    1     1
    0    -2

r4_lp15_793=
    3    -2
   -3    -4
   -1     0
    1     1
    0    -2

r4_lp15_794=
    3    -2
   -3    -4
   -3     1
    0     1
    1     0
   -1    -1

r4_lp15_795=
    3    -2
   -3    -4
   -2     0
    1     1
    0    -2

r4_lp15_796=
    3    -2
   -3    -4
   -3     0
    1     1
    0    -2

r4_lp15_797=
    3    -1
   -3    -4
    0     3
    0     1
    1     0
   -1    -1

r4_lp15_798=
    3    -1
   -3    -4
   -2     1
    0     1
    1     0
   -1    -1

r4_lp15_799=
    3    -1
   -3    -4
   -3     0
    0     1
    1     0
   -1    -1

r4_lp15_800=
    3    -1
    0     0
    3    -4

r4_lp15_801=
    2    -4
   -1     3
    3     1
    0    -1
   -2     0

r4_lp15_802=
    2    -4
    2     3
    3     1
    0    -2
   -1     0

r4_lp15_803=
    2    -4
    1     3
    3     1
    0    -2
   -1     0

r4_lp15_804=
    2    -4
   -2     3
    3     1
    0    -1
   -1     0

r4_lp15_805=
    1    -4
    3     3
    2     1
    0    -2
    0     1

r4_lp15_806=
    1    -4
   -1     3
    3     2
    1     0
   -1    -1
    0     1

r4_lp15_807=
    0    -4
    0     3
    3     2
    1     0
   -1    -1
    0     1

r4_lp15_808=
    2    -2
    0     1
    3    -4

r4_lp15_809=
    4    -4
   -1     3
    0     0
   -1    -2

r4_lp15_810=
    4    -4
    2     0
    0    -2

r4_lp15_811=
    4    -4
   -2     3
    0     0
   -1    -1

r4_lp15_812=
    4    -3
   -2     3
    0     1
   -2    -1

r4_lp15_813=
    4    -3
   -2    -1
    2     0
    1    -2
   -2    -1

r4_lp15_814=
    4    -3
   -3    -2
    2     0
    1     0
   -2    -1

r4_lp15_815=
    4    -3
   -3    -2
   -1     0
    1     0
   -2    -2

r4_lp15_816=
    4    -3
   -3     2
    0     1
   -1    -1

r4_lp15_817=
    4    -3
   -3    -1
    0     1
   -1    -2

r4_lp15_818=
    4    -3
   -3    -2
    0     1
   -1    -2

r4_lp15_819=
    4    -3
   -3     1
    0     1
   -2    -1

r4_lp15_820=
    4    -3
   -4     3
    0     1
    0    -2

r4_lp15_821=
    4    -3
   -4    -1
    3     0
    1     0
   -1    -1

r4_lp15_822=
    4    -3
   -4     1
    0     1
    0    -2

r4_lp15_823=
    4    -3
   -4    -2
    2     0
    1     0
   -1    -1

r4_lp15_824=
    4    -3
   -4    -1
    0     1
    0    -2

r4_lp15_825=
    4    -3
   -4    -3
    1     0
    1     0
   -1    -1

r4_lp15_826=
    4    -3
   -4    -3
    0     1
    0    -2

r4_lp15_827=
    4    -2
   -4     3
    0     1
    0    -2

r4_lp15_828=
    4    -2
   -4    -1
    3     0
    1     0
   -1    -1

r4_lp15_829=
    4    -2
   -3    -2
    2     0
    1     1
   -2    -1

r4_lp15_830=
    4    -2
   -3    -2
   -1     0
    1     1
   -2    -2

r4_lp15_831=
    4    -2
   -3    -3
   -2     0
    1     1
    0    -2

r4_lp15_832=
    4    -2
   -3    -3
    1     0
    1     1
   -1    -1

r4_lp15_833=
    4    -2
   -3    -3
    0     1
    1    -2

r4_lp15_834=
    4    -2
   -3    -4
    0     3
    0     1
    1     0
   -1    -1

r4_lp15_835=
    4    -2
   -3    -4
   -1     2
    0     1
    1     0
   -1    -1

r4_lp15_836=
    4    -2
   -3    -4
   -2     1
    0     1
    1     0
   -1    -1

r4_lp15_837=
    4    -2
   -3    -4
   -3     0
    0     1
    1     0
   -1    -1

r4_lp15_838=
    4    -1
   -4    -1
    3     0
    1     0
   -1    -1

r4_lp15_839=
    4    -1
   -2    -4
    0     3
    0     1
    1     0
   -1    -1

r4_lp15_840=
    4    -1
   -3    -2
    0     1
    1    -2

r4_lp15_841=
    4    -1
   -3    -3
    0     0
    1     1
   -1    -1

r4_lp15_842=
    4    -1
   -3    -4
    1     3
    0     1
    1     0
   -1    -1

r4_lp15_843=
    4    -1
   -3    -4
    0     2
    0     1
    1     0
   -1    -1

r4_lp15_844=
    4    -1
   -3    -4
   -1     1
    0     1
    1     0
   -1    -1

r4_lp15_845=
    4    -1
   -3    -4
   -2     0
    0     1
    1     0
   -1    -1

r4_lp15_846=
    4    -1
   -3    -4
   -3    -1
    0     1
    1     0
   -1    -1
