r4_lp47_1=
    1    -2
   -3    -4
   -3    -2
    0     2
    3     4
    3     3
    3     2
    0    -2
   -3    -4
   -3    -2
    0     2

r4_lp47_2=
    2    -2
   -4    -3
   -2     0
    2     3
    4     3
    3     3
    0    -2
   -3    -4
   -3    -2
    0     2

r4_lp47_3=
    2    -2
   -3    -3
   -2     0
    2     3
    4     3
    3     3
    2    -2
   -3    -4
   -3    -2
    0     2

r4_lp47_4=
    2    -2
   -3    -4
   -2     0
    2     3
    4     3
    3     3
    2     0
   -3    -4
   -3    -2
    0     2

r4_lp47_5=
    2    -2
   -3    -4
   -3     0
    2     3
    4     3
    3     3
    2     0
   -2    -4
   -3    -2
    0     2

r4_lp47_6=
    2    -2
   -3    -4
   -3    -2
    2     3
    4     3
    3     3
    2     0
   -2    -3
   -3    -2
    0     2

r4_lp47_7=
    0    -4
   -3    -2
    0     2
    3     4
    3     2
    4     0
   -2    -3
   -4    -3
   -2     0
    2     3

r4_lp47_8=
    0    -3
   -4    -2
    0     2
    3     4
    3     2
    4     2
    0    -3
   -4    -3
   -2     0
    2     3

r4_lp47_9=
    0    -3
   -4    -3
    0     2
    3     4
    3     2
    4     2
    0    -2
   -4    -3
   -2     0
    2     3

r4_lp47_10=
    0    -3
   -4    -3
   -2     0
    3     4
    3     2
    4     2
    0    -2
   -3    -4
   -2     0
    2     3

r4_lp47_11=
    0    -3
   -4    -3
   -2     0
    2     4
    3     2
    4     2
    0    -2
   -3    -4
   -3     0
    2     3

r4_lp47_12=
    0    -3
   -4    -3
   -2     0
    2     3
    4     3
    4     2
    0    -2
   -3    -4
   -3    -2
    0     2
