r4_lp14_1=
   -2    -4
   -3     3
    0     0
   -2    -2

r4_lp14_2=
    1    -3
   -4    -3
    3    -1
    0     0
   -2    -2

r4_lp14_3=
    1    -2
   -3    -3
    3    -1
    0     0
   -2    -2

r4_lp14_4=
    1    -2
   -4    -2
    3    -1
    0     0
   -2    -2

r4_lp14_5=
    1    -2
   -4    -3
    2    -1
    0     0
   -2    -2

r4_lp14_6=
   -1    -4
   -3    -1
    3     0
    0    -1
   -2    -2

r4_lp14_7=
   -1    -4
   -3     1
    1     0
    0    -2
   -2    -1

r4_lp14_8=
   -1    -4
   -3     2
    0     0
   -2    -2

r4_lp14_9=
   -1     3
   -3    -3
   -2    -2
    1    -1

r4_lp14_10=
    1    -3
   -3    -2
    2    -1
    1    -1
   -2    -2

r4_lp14_11=
   -2     3
   -3    -3
   -2    -2
    1     0

r4_lp14_12=
    0     3
   -3    -4
   -3    -2
   -2     1
    0    -1

r4_lp14_13=
    1    -3
   -4    -3
   -1     2
   -1     1
    0    -1
   -2    -2

r4_lp14_14=
   -1     3
   -3    -4
   -2    -2
    1     0

r4_lp14_15=
   -1    -3
   -4    -2
    2     0
    1     0
   -2    -2

r4_lp14_16=
    1    -3
   -4    -2
    1    -1
    1     0
   -2    -2

r4_lp14_17=
    2    -3
   -4    -3
   -2     1
    0    -2

r4_lp14_18=
   -1    -3
   -4    -3
    1     0
    1     0
   -2    -2

r4_lp14_19=
    0     1
   -3    -4
   -3    -2
   -1     1
    0    -2

r4_lp14_20=
   -2    -3
    3     1
   -2    -2

r4_lp14_21=
   -2    -3
   -2     3
    1    -1
   -2    -2

r4_lp14_22=
    1    -2
   -3    -3
    2    -1
    1    -1
   -2    -2

r4_lp14_23=
   -1     3
   -2    -3
   -3    -2
   -2     1
    0    -1

r4_lp14_24=
    1    -2
   -3    -3
   -2     2
   -1     1
    0    -1
   -2    -2

r4_lp14_25=
   -2    -3
   -3     2
    1     0
   -2    -2

r4_lp14_26=
    1    -2
   -3    -3
    1    -1
    1     0
   -2    -2

r4_lp14_27=
    0     3
   -2    -4
   -3    -2
   -2     1
    0    -1

r4_lp14_28=
    1    -2
   -4    -3
   -1     2
   -1     1
    0    -1
   -2    -2

r4_lp14_29=
   -1     3
   -2    -4
   -2    -2
    1     0

r4_lp14_30=
   -2    -4
   -2     2
    1     0
   -2    -2

r4_lp14_31=
    1    -2
   -4    -2
    1    -1
    1     0
   -2    -2

r4_lp14_32=
    0     1
   -2    -4
   -3    -2
   -1     1
    0    -2

r4_lp14_33=
   -2    -3
   -2     3
    1     1
   -2    -2

r4_lp14_34=
   -1     3
   -2    -3
   -3    -2
   -2     1
    1     0

r4_lp14_35=
    1    -2
   -3    -3
   -2     2
   -1     1
    1     0
   -2    -2

r4_lp14_36=
    0     3
   -2    -3
   -3    -2
   -2     1
    1    -1

r4_lp14_37=
    1    -2
   -3    -3
   -1     2
   -1     1
    1    -1
   -2    -2

r4_lp14_38=
   -2    -3
   -3    -2
    2     1
    1    -1
   -2    -2

r4_lp14_39=
    1    -2
   -3    -3
   -2     1
   -1     1
    1    -1
   -2    -2

r4_lp14_40=
    1    -2
   -3    -3
   -2     1
    1    -2

r4_lp14_41=
    0     1
   -2    -3
   -3    -2
   -1     1
    1    -2

r4_lp14_42=
    1     3
   -2    -3
   -4    -3
   -2    -2
    1     1
    0    -1

r4_lp14_43=
    0     2
    1    -2
   -3    -4
   -3    -2
   -2    -1
    1     1
    0    -1

r4_lp14_44=
    0     3
   -2    -3
   -4    -2
   -2     1
    1     0

r4_lp14_45=
   -1     2
   -2    -3
   -4    -3
   -2    -2
    1     1
    0    -1

r4_lp14_46=
    1    -2
   -3    -4
   -1     2
   -1     1
    1     0
   -2    -2

r4_lp14_47=
    1    -2
   -3    -4
   -3    -1
    1    -1
    1     1
    0    -1
   -2    -2

r4_lp14_48=
    1    -2
   -3    -4
   -2    -2
    1     1
    0    -2

r4_lp14_49=
    0     1
   -2    -3
   -4    -2
   -2    -1
    1     1
    0    -2

r4_lp14_50=
    0    -2
   -3    -4
   -3     0
   -1     1
    1     0
   -2    -2

r4_lp14_51=
    1    -2
   -3    -4
   -3    -1
   -1     1
    1     0
   -2    -2

r4_lp14_52=
    0    -4
   -1     3
    0     0
   -2    -2

r4_lp14_53=
    0    -3
   -4     0
    3     0
    1     0
   -2    -2

r4_lp14_54=
    0    -3
   -4    -1
    2     0
    1     0
   -2    -2

r4_lp14_55=
    0    -3
   -4    -3
    1     3
    0     1
    0    -1
   -2    -2

r4_lp14_56=
    0    -3
   -4    -3
    0     2
    0     1
    0    -1
   -2    -2

r4_lp14_57=
    0    -3
   -4    -3
   -1     1
    1     0
    1     0
   -1    -2
   -2    -1

r4_lp14_58=
    0    -2
   -3    -1
    3     0
    1    -1
   -2    -2

r4_lp14_59=
    0    -2
   -3    -3
    0     3
    0     1
    0    -1
   -2    -2

r4_lp14_60=
    0    -2
   -3    -3
   -1     2
    0     1
    0    -1
   -2    -2

r4_lp14_61=
    0    -2
   -3    -3
   -2     1
    1     0
    1     0
   -1    -2
   -2    -1

r4_lp14_62=
    0    -2
   -4     0
    3     0
    1     0
   -2    -2

r4_lp14_63=
    0    -2
   -4    -1
    2     0
    1     0
   -2    -2

r4_lp14_64=
    0    -2
   -4    -3
    1     3
    0     1
    0    -1
   -2    -2

r4_lp14_65=
    0    -2
   -4    -3
    0     2
    0     1
    0    -1
   -2    -2

r4_lp14_66=
    0    -2
   -4    -3
   -1     1
    1     0
    1     0
   -1    -2
   -2    -1

r4_lp14_67=
    0    -2
   -4    -2
    0     1
    0     1
    0    -2
   -2    -1

r4_lp14_68=
    0    -2
   -4    -3
   -1     1
    0     1
    0    -2
   -2    -1

r4_lp14_69=
    0    -2
   -3    -3
   -2     0
    3     0
    1     1
    0    -1
   -2    -2

r4_lp14_70=
    0    -2
   -3    -3
   -1     2
    0     1
    1     0
   -2    -2

r4_lp14_71=
    0    -2
   -3    -3
    1     3
    0     1
    1    -1
   -2    -2

r4_lp14_72=
    0    -2
   -3    -3
    0     2
    0     1
    1    -1
   -2    -2

r4_lp14_73=
    0    -2
   -3    -3
   -1     1
    1     0
    1     1
   -1    -2
   -2    -1

r4_lp14_74=
    0    -2
   -3    -3
   -2     0
    1     0
    1     1
   -1    -2
   -2    -1

r4_lp14_75=
    0    -2
   -3    -3
   -1     1
    0     1
    1    -2
   -2    -1

r4_lp14_76=
    0    -2
   -3    -4
   -2     1
    3     0
    1     1
    0    -1
   -2    -2

r4_lp14_77=
    0    -2
   -3    -4
    0     2
    0     1
    1     0
   -2    -2

r4_lp14_78=
    0    -2
   -3    -4
   -1     1
    1     0
    1     1
    0    -2
   -2    -1

r4_lp14_79=
    0    -2
   -3    -4
   -3     2
    3     0
    1     1
    0    -1
   -2    -2

r4_lp14_80=
    0    -2
   -3    -4
   -3     1
    2     0
    1     1
    0    -1
   -2    -2

r4_lp14_81=
    0    -2
   -3    -4
   -3     0
    1     1
    0     1
    1     0
   -1    -2
   -2    -1

r4_lp14_82=
    0    -2
   -3    -4
   -3    -1
    0     1
    0     1
    1     0
   -1    -2
   -2    -1

r4_lp14_83=
    0    -2
   -3    -4
   -3    -1
    1     0
    1     1
    0    -1
   -2    -2

r4_lp14_84=
    0    -2
   -3    -4
   -2    -1
    1     0
    1     1
    0    -2
   -2    -1

r4_lp14_85=
    0    -2
   -3    -4
   -2     0
    0     1
    1     0
   -2    -2

r4_lp14_86=
    0    -2
   -3    -4
   -3    -2
    1     0
    1     1
    0    -2
   -2    -1

r4_lp14_87=
    2     3
   -3    -3
   -2    -2
    2    -1

r4_lp14_88=
    0    -3
   -3     1
    2     0
    2    -1
   -2    -2

r4_lp14_89=
    1     3
   -3    -3
   -2    -2
   -2     2
    0    -1

r4_lp14_90=
    0    -3
   -3     0
    1     1
    0     2
   -1    -2
   -2    -1

r4_lp14_91=
    0     3
   -3    -3
   -2    -2
   -2     2
    1    -1

r4_lp14_92=
    0     3
   -3    -3
   -2    -2
    2     0

r4_lp14_93=
   -1     2
   -3    -3
   -2    -2
    2    -1

r4_lp14_94=
    1    -3
   -3    -1
    2    -1
    2     0
   -2    -2

r4_lp14_95=
    1    -3
   -3    -1
    1    -1
    2    -1
   -2    -2

r4_lp14_96=
    0    -3
   -3    -1
    0     1
    0     2
   -1    -2
   -2    -1

r4_lp14_97=
    0    -3
   -3    -1
    1     0
    2    -1
   -2    -2

r4_lp14_98=
   -1     3
   -3    -2
   -2    -2
    2    -1

r4_lp14_99=
   -1     3
   -3    -3
   -2    -2
    2     1

r4_lp14_100=
    2    -3
   -3    -2
   -2     2
    0    -2

r4_lp14_101=
    1    -3
   -3    -2
    2    -1
    2     1
   -2    -2

r4_lp14_102=
    1    -3
   -3    -2
    1    -1
    2     0
   -2    -2

r4_lp14_103=
    0     1
   -3    -3
   -2    -2
   -1     2
   -1    -2

r4_lp14_104=
    0    -3
   -2     2
    0     2
   -2    -2

r4_lp14_105=
    0    -3
   -3    -2
    1     1
    0     2
    1    -2
   -2    -1

r4_lp14_106=
    0    -3
   -3    -2
    0     1
    0     2
    0    -2
   -2    -1

r4_lp14_107=
    0    -3
   -3    -2
    1     0
    2     0
   -2    -2

r4_lp14_108=
    0    -3
   -3    -2
    0     0
    2    -1
   -2    -2

r4_lp14_109=
   -3     3
   -3    -4
   -1    -2
    2     0

r4_lp14_110=
    0    -3
   -4    -3
    2     0
    2     0
   -1    -2

r4_lp14_111=
   -2     2
    3    -3
   -4    -1
   -2    -2
    2     0

r4_lp14_112=
    1    -3
   -4    -3
    1     2
   -1     2
    0    -1
   -2    -2

r4_lp14_113=
    0    -3
   -4    -2
    1     2
    0     2
    0    -1
   -2    -2

r4_lp14_114=
    0    -3
   -4    -3
    1     1
    0     2
    0    -1
   -2    -1

r4_lp14_115=
    1     3
   -3    -4
   -2    -2
    2     0

r4_lp14_116=
    0     1
    1    -3
   -4    -3
   -2    -2
   -1     2
    0    -1

r4_lp14_117=
    0     2
   -3    -4
   -3    -2
   -2     2
    0    -1

r4_lp14_118=
    0     2
    1    -3
   -4    -2
   -2    -1
    2     0

r4_lp14_119=
    0    -3
   -4     0
    1     1
    0     2
    0    -2
   -2    -1

r4_lp14_120=
    0    -3
   -4    -3
    0     1
    0     2
    0    -1
   -2    -1

r4_lp14_121=
    0    -3
   -4    -3
    0     1
    0     2
    0    -1
   -2    -2

r4_lp14_122=
   -1     2
   -3    -4
   -2    -2
    2     0

r4_lp14_123=
    1    -3
   -4    -1
    1    -1
    2     0
   -2    -2

r4_lp14_124=
    0     1
   -3    -4
   -3    -1
   -2    -1
    2     0
   -1    -2

r4_lp14_125=
    0    -3
   -4    -1
    0     1
    0     2
    0    -2
   -2    -1

r4_lp14_126=
    0    -3
   -4    -1
    1     0
    2     0
   -2    -2

r4_lp14_127=
    0    -3
   -4    -3
   -1     1
    0     2
    0    -1
   -2    -1

r4_lp14_128=
    0    -3
   -4    -3
   -1     0
    0     2
    0    -1
   -2    -2

r4_lp14_129=
    1    -3
   -4    -2
   -1    -1
    2     0
   -2    -2

r4_lp14_130=
    0    -3
   -4    -2
    1     0
    2     0
   -2    -1

r4_lp14_131=
    1    -3
   -4    -3
   -2    -1
    2     0
   -2    -2

r4_lp14_132=
    0    -3
   -4    -3
    1     0
    2     0
   -2    -1

r4_lp14_133=
    2    -4
   -3     3
   -1     0
   -2    -2

r4_lp14_134=
    2    -3
   -3     3
   -1     0
   -2    -2

r4_lp14_135=
    2    -3
   -4    -2
    3    -1
    0     0
   -2    -2

r4_lp14_136=
    2    -3
   -4    -3
    2    -1
    0     0
   -2    -2

r4_lp14_137=
   -2    -3
   -3     3
    2     0
   -1    -2
   -2    -1

r4_lp14_138=
   -2    -3
   -3    -2
    3     2
    0     0
   -1    -2
   -2    -1

r4_lp14_139=
   -1     3
    2    -2
   -4    -3
   -2    -2
   -1     0
    0    -1

r4_lp14_140=
   -2    -4
   -2     2
    2     0
    0    -2
   -2    -1

r4_lp14_141=
    1     2
   -2    -4
   -3    -2
   -1     0
    0    -2

r4_lp14_142=
   -1    -3
   -3     3
    2     0
   -1    -2
   -2    -1

r4_lp14_143=
   -1    -2
   -3    -2
    3     2
    0     0
   -1    -2
   -2    -1

r4_lp14_144=
   -1    -3
   -3    -1
    3     2
    0     0
   -1    -2
   -2    -1

r4_lp14_145=
    0     3
    2    -1
   -4    -3
   -2    -2
   -1     0
    0    -1

r4_lp14_146=
   -1    -4
   -3    -1
    2     2
    0     0
   -1    -2
   -2    -1

r4_lp14_147=
   -1    -4
   -2     1
    2     0
    0    -2
   -2    -1

r4_lp14_148=
    0     2
   -1    -4
   -3    -2
   -1     0
    0    -2

r4_lp14_149=
    0     3
    2    -3
   -3    -2
   -2    -1
    1    -1

r4_lp14_150=
   -1     2
    2    -3
   -3    -2
   -2    -1
    1    -1

r4_lp14_151=
    1     2
   -3    -3
   -2    -2
   -1     1
   -1    -2

r4_lp14_152=
    0     2
   -3    -3
   -2    -1
    1    -2

r4_lp14_153=
    1     3
    2    -3
   -4    -3
   -2    -2
   -1     1
    0    -1

r4_lp14_154=
    0     2
    2    -3
   -4    -3
   -2    -2
   -1     1
    0    -1

r4_lp14_155=
    1     2
   -3    -4
   -3    -1
   -2    -1
    1     0
   -1    -2

r4_lp14_156=
    0     2
   -3    -4
   -2    -2
   -1     1
    0    -2

r4_lp14_157=
   -1     2
   -3    -4
   -3    -2
   -1     1
    0    -2

r4_lp14_158=
    0    -3
   -3     1
    3     2
    0     1
   -1    -2
   -2    -1

r4_lp14_159=
    0    -3
   -3     0
    2     2
    0     1
   -1    -2
   -2    -1

r4_lp14_160=
    0    -3
   -3    -1
    1     2
    0     1
   -1    -2
   -2    -1

r4_lp14_161=
    0    -3
   -3    -2
    0     2
    0     1
   -1    -2
   -2    -1

r4_lp14_162=
    0    -3
   -3    -1
    2     0
    1    -2
   -2    -1

r4_lp14_163=
    0    -3
   -4    -3
    2     3
    2     0
    1     0
   -1    -2
   -2    -1

r4_lp14_164=
    0    -3
   -4    -3
    1     2
    2     0
    1     0
   -1    -2
   -2    -1

r4_lp14_165=
    0    -3
   -4    -3
    0     1
    2     0
    1     0
   -1    -2
   -2    -1

r4_lp14_166=
    0    -3
   -4    -3
   -1     0
    2     0
    1     0
   -1    -2
   -2    -1

r4_lp14_167=
    0    -3
   -4    -2
   -1     2
    0     1
    0    -2
   -2    -1

r4_lp14_168=
    0    -3
   -4    -3
   -2     2
    0     1
    0    -2
   -2    -1

r4_lp14_169=
    1     2
   -2    -3
   -2    -1
    1    -2

r4_lp14_170=
    0     2
   -2    -3
   -3    -2
   -1     1
   -1    -2

r4_lp14_171=
   -1     2
   -2    -3
   -3    -2
   -1     1
    0    -2

r4_lp14_172=
   -2    -4
   -3     2
    3     2
    1     0
   -1    -2
   -2    -1

r4_lp14_173=
    1     2
    2    -2
   -4    -3
   -2    -2
   -1     1
    0    -1

r4_lp14_174=
    1     3
    2    -2
   -4    -2
   -2    -2
   -1     1
    0    -1

r4_lp14_175=
    0     1
    2    -2
   -4    -3
   -2    -2
   -1     1
    0    -1

r4_lp14_176=
    0     2
    2    -2
   -4    -2
   -2    -1
    1     0

r4_lp14_177=
    0     2
   -2    -4
   -3    -1
   -2    -1
    1     0
   -1    -2

r4_lp14_178=
    1     2
   -2    -4
   -1    -2
   -1     1
    0    -2

r4_lp14_179=
   -1     2
   -2    -4
   -2    -2
   -1     1
    0    -2

r4_lp14_180=
   -2    -4
   -3    -2
    2     1
    0    -2
   -2    -1

r4_lp14_181=
   -2    -3
   -3     2
    3     2
    1     1
   -1    -2
   -2    -1

r4_lp14_182=
    1     2
    2    -2
   -3    -3
   -2    -2
   -1     1
    1    -1

r4_lp14_183=
    0     1
    2    -2
   -3    -3
   -2    -2
   -1     1
    1    -1

r4_lp14_184=
   -2    -3
   -3    -2
    2     1
    1    -2
   -2    -1

r4_lp14_185=
   -2    -3
   -4    -3
    3     2
    1     1
    0    -1
   -2    -1

r4_lp14_186=
   -2    -3
   -4    -3
    2     2
    1     1
    0    -1
   -2    -1

r4_lp14_187=
    1     2
   -2    -3
   -4    -3
   -2    -1
    1     1
    0    -1

r4_lp14_188=
    1     3
    2    -2
   -3    -4
   -2    -2
   -1     1
    1     0

r4_lp14_189=
    0     2
   -2    -3
   -4    -3
   -2    -1
    1     1
    0    -1

r4_lp14_190=
    0     1
    2    -2
   -3    -4
   -2    -2
   -1     1
    1     0

r4_lp14_191=
   -1     2
   -2    -3
   -4    -3
   -2    -1
    1     1
    0    -1

r4_lp14_192=
    0     2
   -2    -3
   -4    -1
   -2    -1
    1     1
    0    -2

r4_lp14_193=
   -2    -3
   -4    -2
    2     1
    1     0
   -2    -1

r4_lp14_194=
   -2    -3
   -4    -3
    2     1
    1     0
   -2    -1

r4_lp14_195=
    0     3
    2    -3
   -2    -2
   -2    -1
    2    -1

r4_lp14_196=
    1     2
   -3    -2
   -2    -1
    2    -2

r4_lp14_197=
    1     3
    2    -3
   -3    -2
   -2    -2
   -1     2
    1    -1

r4_lp14_198=
    0     2
    2    -3
   -3    -2
   -2    -2
   -1     2
    1    -1

r4_lp14_199=
   -1     2
    2    -3
   -3    -2
   -2    -1
    2     1

r4_lp14_200=
    0     2
   -3    -3
   -2    -2
   -1     2
    1    -2

r4_lp14_201=
    2    -3
   -3    -2
    2     3
   -1     2
    0    -1
   -2    -2

r4_lp14_202=
    1     2
    2    -3
   -3    -2
   -2    -2
   -1     2
    0    -1

r4_lp14_203=
    1     3
    2    -3
   -3    -2
   -2    -1
    2     0

r4_lp14_204=
    0     2
    2    -3
   -3    -2
   -2    -1
    2     0

r4_lp14_205=
   -1     2
   -3    -3
   -2    -2
   -1     2
    0    -2

r4_lp14_206=
    2    -3
   -3     3
   -1     2
   -1    -2

r4_lp14_207=
    2    -3
   -3     2
   -1     2
   -1    -2

r4_lp14_208=
    1     2
   -3    -3
   -2    -1
    2    -1

r4_lp14_209=
    0     2
   -3    -3
   -2    -1
    2    -1

r4_lp14_210=
   -1     2
   -3    -3
   -2    -1
    2    -1

r4_lp14_211=
    2    -3
   -3    -2
   -1     2
   -1    -2

r4_lp14_212=
    2    -3
   -3    -1
    2    -2

r4_lp14_213=
    2    -3
   -4     2
    3    -1
    2     0
   -2    -2

r4_lp14_214=
    2    -3
   -4    -2
    3    -1
    2     0
   -1    -2

r4_lp14_215=
    2    -3
   -4    -2
    2    -1
    2     0
   -1    -2

r4_lp14_216=
    1     2
   -3    -4
   -2    -2
   -1     2
    0    -1

r4_lp14_217=
    1     2
    2    -3
   -4    -2
   -2    -1
    2     0

r4_lp14_218=
    0     2
   -3    -4
   -2    -1
    2     0

r4_lp14_219=
   -1     2
   -3    -4
   -2    -1
    2     0

r4_lp14_220=
   -1    -3
   -3     1
    3     2
    1     0
   -1    -2
   -2    -1

r4_lp14_221=
    0     3
   -1    -3
   -3    -2
   -2     1
    0    -1

r4_lp14_222=
   -1    -4
   -2     1
    3     2
    1     0
   -1    -2
   -2    -1

r4_lp14_223=
    0     2
    2    -1
   -4    -2
   -2    -1
    1     0

r4_lp14_224=
    0     3
   -1    -4
   -2    -2
    1     0

r4_lp14_225=
   -1    -4
   -1     1
    2     1
    0    -2
   -2    -1

r4_lp14_226=
   -1    -4
   -1     2
    1     0
   -2    -2

r4_lp14_227=
   -1    -4
   -3     2
    3     2
    1     0
   -1    -2
   -2    -1

r4_lp14_228=
   -1    -4
   -3     1
    2     2
    1     0
   -1    -2
   -2    -1

r4_lp14_229=
   -1    -4
   -3     1
    3     1
    0    -1
   -2    -2

r4_lp14_230=
    0     1
    2    -1
   -4    -3
   -2    -2
   -1     1
    0    -1

r4_lp14_231=
    0     2
   -1    -4
   -3    -2
   -2     1
    0    -1

r4_lp14_232=
    0     2
   -1    -4
   -3    -1
   -2    -1
    1     0
   -1    -2

r4_lp14_233=
   -1    -4
   -2    -1
    2     1
    0    -2
   -2    -1

r4_lp14_234=
   -1    -4
   -3    -2
    2     1
    0    -2
   -2    -1

r4_lp14_235=
    0     2
   -1    -2
   -3    -2
   -1     1
    1    -2

r4_lp14_236=
   -1    -2
   -3     1
    3     2
    1     1
   -1    -2
   -2    -1

r4_lp14_237=
    0     2
    2    -1
   -2    -3
   -2    -2
   -1     1
    1    -1

r4_lp14_238=
   -1    -2
   -3    -1
    1     2
    1     1
   -1    -2
   -2    -1

r4_lp14_239=
   -1    -2
   -3    -3
    2     3
    2     1
    1     0
   -1    -2
   -2    -1

r4_lp14_240=
   -1    -2
   -3    -3
    1     2
    2     1
    1     0
   -1    -2
   -2    -1

r4_lp14_241=
   -1    -2
   -3    -3
    1     3
    1     1
    0    -1
   -2    -2

r4_lp14_242=
    0     1
    2    -1
   -2    -3
   -3    -2
   -2    -1
    1     1
    0    -1

r4_lp14_243=
    0     2
   -1    -2
   -3    -3
   -1    -2
   -1     1
    1     0
   -1    -2

r4_lp14_244=
   -1    -2
   -3    -3
   -2    -1
    2     1
    1     0
   -1    -2
   -2    -1

r4_lp14_245=
   -1    -2
   -3    -3
   -2     2
    1     1
    0    -2
   -2    -1

r4_lp14_246=
   -1    -2
   -4     1
    3     2
    1     1
    0    -2
   -2    -1

r4_lp14_247=
   -1    -2
   -4    -2
    1     3
    1     1
    0    -1
   -2    -2

r4_lp14_248=
    0     2
   -1    -2
   -4    -1
   -2    -1
    1     1
    0    -2

r4_lp14_249=
   -1    -2
   -4    -3
    3     2
    1     1
    0    -1
   -2    -1

r4_lp14_250=
   -1    -2
   -4    -3
    2     2
    1     1
    0    -1
   -2    -1

r4_lp14_251=
   -1    -2
   -4    -3
    2     3
    1     1
    0    -1
   -2    -2

r4_lp14_252=
   -1    -2
   -4    -3
    1     2
    1     1
    0    -1
   -2    -1

r4_lp14_253=
   -1    -2
   -4    -3
    1     2
    1     1
    0    -1
   -2    -2

r4_lp14_254=
    0     2
   -1    -2
   -4    -3
   -2    -1
    1     1
    0    -1

r4_lp14_255=
   -1    -2
   -4    -3
   -1     2
    1     1
    0    -1
   -2    -1

r4_lp14_256=
   -1    -2
   -4    -2
    2     1
    1     0
   -2    -1

r4_lp14_257=
   -1    -2
   -4    -3
    2     1
    1     0
   -2    -1

r4_lp14_258=
   -1    -3
   -1     2
    2     1
    1    -2
   -2    -1

r4_lp14_259=
   -1    -3
   -1     3
    1     1
   -2    -2

r4_lp14_260=
   -1    -3
   -2     1
    3     2
    1     1
   -1    -2
   -2    -1

r4_lp14_261=
    0     2
    2    -1
   -3    -2
   -2    -2
   -1     1
    1    -1

r4_lp14_262=
    0     2
   -1    -3
   -2    -2
   -1     1
    1    -2

r4_lp14_263=
   -1    -3
   -3     1
    3     2
    1     1
    0    -2
   -2    -1

r4_lp14_264=
   -1    -3
   -3    -2
    1     3
    1     1
    0    -1
   -2    -2

r4_lp14_265=
    0     2
    2    -1
   -3    -3
   -2    -2
   -1     1
    1     0

r4_lp14_266=
    0     3
   -1    -3
   -3    -2
   -2     1
    1     0

r4_lp14_267=
   -1    -3
   -3    -1
    1     1
    1     1
    0    -2
   -2    -1

r4_lp14_268=
    0    -1
   -3    -3
   -2     1
    0     1
    1     0
   -2    -2

r4_lp14_269=
   -1    -3
   -3     3
    2     1
    1    -1
   -2    -1

r4_lp14_270=
   -1    -3
   -3     2
    2     1
    1    -1
   -2    -1

r4_lp14_271=
   -1    -3
   -3     2
    3     1
    1    -1
   -2    -2

r4_lp14_272=
   -1    -3
   -3     1
    2     1
    1    -1
   -2    -1

r4_lp14_273=
    0     2
   -1    -3
   -3    -2
   -1     1
    1    -1

r4_lp14_274=
   -1    -3
   -3    -1
    2     1
    1    -1
   -2    -1

r4_lp14_275=
   -1    -3
   -3    -2
    2     1
    1    -1
   -2    -1

r4_lp14_276=
   -1    -3
   -3     2
    1     1
   -2    -1

r4_lp14_277=
   -1    -3
   -4    -3
    3     1
    1     0
   -1    -2

r4_lp14_278=
    0     2
   -1    -3
   -2    -2
   -1     1
    2    -2

r4_lp14_279=
   -1    -3
   -3    -1
    1     2
    1     2
    1    -2
   -2    -1

r4_lp14_280=
   -1    -3
   -3    -2
    2     3
    2     1
    2     1
   -1    -2
   -2    -1

r4_lp14_281=
   -1    -3
   -3    -2
    1     2
    2     1
    2     1
   -1    -2
   -2    -1

r4_lp14_282=
   -1    -3
   -3    -2
   -1     2
    1     2
    1    -2
   -2    -1

r4_lp14_283=
   -1    -3
   -3    -1
    2     3
    2     1
    2     0
   -1    -2
   -2    -1

r4_lp14_284=
   -1    -3
   -3     1
    2     2
    1     2
    0    -2
   -2    -1

r4_lp14_285=
   -1    -3
   -3     1
    3     1
    2     0
   -2    -2

r4_lp14_286=
   -1    -3
   -3    -2
    3     2
    1     2
    0    -1
   -2    -1

r4_lp14_287=
   -1    -3
   -3    -2
    2     2
    1     2
    0    -1
   -2    -1

r4_lp14_288=
   -1    -3
   -3    -2
    2     3
    1     2
    0    -1
   -2    -2

r4_lp14_289=
   -1    -3
   -3    -2
    1     2
    1     2
    0    -1
   -2    -1

r4_lp14_290=
    0     2
   -1    -3
   -3    -2
   -2    -1
    1     2
    0    -1

r4_lp14_291=
    0     1
    2    -1
   -3    -3
   -2    -2
   -1     1
    2     0

r4_lp14_292=
   -1    -3
   -3    -1
    2     1
    2     0
   -2    -1

r4_lp14_293=
   -1    -3
   -3    -2
    2     1
    2     0
   -2    -1

r4_lp14_294=
   -1    -3
   -3     3
    1     2
   -1    -2

r4_lp14_295=
   -1    -3
   -4    -1
    3     2
    1     2
    0    -1
   -2    -1

r4_lp14_296=
   -1    -3
   -4     2
    2     1
    2     0
   -2    -1

r4_lp14_297=
   -1    -3
   -4     2
    3     1
    2     0
   -2    -2

r4_lp14_298=
   -1    -3
   -4     1
    2     1
    2     0
   -2    -1

r4_lp14_299=
   -1    -3
   -4    -2
    3     1
    2     0
   -1    -2

r4_lp14_300=
   -1    -3
   -4    -1
    1     1
    2     0
   -2    -1

r4_lp14_301=
    0    -1
   -3    -4
   -1     0
    0     1
    2     0
   -2    -2

r4_lp14_302=
   -1    -3
   -4    -1
    1     1
    2     0
   -2    -2

r4_lp14_303=
    0    -1
   -3    -4
   -3     1
    0     1
    2     0
   -1    -2

r4_lp14_304=
    0    -1
   -3    -4
   -3     0
    0     1
    2     0
   -1    -2

r4_lp14_305=
    0     1
   -1    -3
   -4    -3
   -2    -2
    1     2
    0    -1

r4_lp14_306=
    0    -1
   -3    -4
   -3    -1
    0     0
    1     2
    0    -1
   -2    -1

r4_lp14_307=
    0    -1
   -3    -4
   -3    -1
    0    -1
    1     2
    0    -1
   -2    -2

r4_lp14_308=
    0    -1
   -3    -4
   -2     0
    0     1
    2     0
   -2    -1

r4_lp14_309=
    0    -1
   -3    -4
   -2    -1
   -1     1
    2     0
   -2    -2

r4_lp14_310=
    0    -1
   -3    -4
   -2    -1
    0     1
    2     0
   -2    -2

r4_lp14_311=
    0    -1
   -3    -4
   -2    -2
    1     2
    0    -2

r4_lp14_312=
    0    -1
   -3    -4
   -3     0
    0     1
    2     0
   -2    -1

r4_lp14_313=
    0    -1
   -3    -4
   -3    -2
   -1     1
    2     0
   -2    -2

r4_lp14_314=
    1    -3
   -3    -2
    2     0
    1    -2
   -2    -1

r4_lp14_315=
    1    -3
   -4    -2
    1     2
    2     0
    1     0
   -1    -2
   -2    -1

r4_lp14_316=
    1    -3
   -4    -3
    3     0
    1     0
   -1    -2

r4_lp14_317=
    1    -3
   -4    -3
    2     2
    0     1
    0    -1
   -2    -1

r4_lp14_318=
    1    -3
   -4    -3
    1     2
    0     1
    0    -1
   -2    -1

r4_lp14_319=
    1    -3
   -4    -3
    0     2
    0     1
    0    -1
   -2    -1

r4_lp14_320=
    1    -3
   -4    -3
   -1     2
    0     1
    0    -1
   -2    -1

r4_lp14_321=
    1    -3
   -4    -3
   -1     0
    1     0
    1     0
   -1    -2
   -2    -1

r4_lp14_322=
    1    -3
   -4    -2
    2     0
    1     0
   -2    -1

r4_lp14_323=
    1    -3
   -4    -3
    2     0
    1     0
   -2    -1

r4_lp14_324=
    1    -2
   -3    -3
   -2     2
    0     1
    0    -2
   -2    -1

r4_lp14_325=
    1    -2
   -4    -3
    2     0
    1     0
   -2    -1

r4_lp14_326=
    1    -2
   -3    -3
    2     0
    1     1
   -2    -1

r4_lp14_327=
    1    -1
   -4    -2
    1     2
    2     0
    1     0
   -1    -2
   -2    -1

r4_lp14_328=
    1    -1
   -4    -3
    3     0
    1     0
   -1    -2

r4_lp14_329=
    1    -1
   -4    -3
    2     2
    0     1
    0    -1
   -2    -1

r4_lp14_330=
    1    -1
   -4    -3
   -1     2
    0     1
    0    -1
   -2    -1

r4_lp14_331=
    1    -1
   -4    -2
    2     0
    1     0
   -2    -1

r4_lp14_332=
    1    -1
   -4    -3
    2     0
    1     0
   -2    -1

r4_lp14_333=
    1    -1
   -2    -3
   -3     3
    0     1
    1     0
   -1    -2

r4_lp14_334=
    1    -3
   -2    -1
    2     0
    2    -2
   -2    -1

r4_lp14_335=
    1    -3
   -2     0
    1     0
    2    -2
   -2    -1

r4_lp14_336=
    1    -3
   -3    -2
    2     0
    2     1
   -2    -1

r4_lp14_337=
    1    -3
   -3    -2
   -1     1
    0     2
    1    -2
   -2    -1

r4_lp14_338=
    1    -3
   -3    -2
    0     0
    2     1
   -2    -2

r4_lp14_339=
    1    -3
   -3     1
    2     0
    2     0
   -2    -1

r4_lp14_340=
    1    -3
   -3     0
    2     0
    2     0
   -2    -1

r4_lp14_341=
    1    -3
   -3    -2
    1     0
    2     0
   -2    -1

r4_lp14_342=
    1    -3
   -3     0
    0     2
   -1    -2

r4_lp14_343=
    1    -3
   -4     3
    0     2
    0    -2

r4_lp14_344=
    1    -3
   -4     2
    0     2
    0    -2

r4_lp14_345=
    1    -3
   -4     1
    0     2
    0    -2

r4_lp14_346=
    1    -3
   -4     0
    0     2
    0    -2

r4_lp14_347=
    1    -3
   -4    -1
    0     2
    0    -2

r4_lp14_348=
    1    -3
   -4    -3
    0     2
    0    -2

r4_lp14_349=
    3    -3
   -3     3
   -1    -1
   -2    -2

r4_lp14_350=
   -2     3
    3    -4
   -2    -2
   -1     0

r4_lp14_351=
    2     3
   -4    -3
   -2    -1
    0    -2

r4_lp14_352=
   -2     3
    3    -3
   -3    -2
   -2    -1
    0    -1

r4_lp14_353=
   -1     3
    3    -3
   -4    -3
   -2    -2
   -1     0
    0    -1

r4_lp14_354=
    2     3
   -3    -4
   -2    -2
   -1     0
    0    -2

r4_lp14_355=
    1     3
   -3    -4
   -3    -2
   -1     0
    0    -2

r4_lp14_356=
   -2    -3
   -2     3
    3     0
   -1    -2
   -2    -1

r4_lp14_357=
   -1     3
    3    -2
   -3    -3
   -2    -2
   -1     0
    0    -1

r4_lp14_358=
    0     3
    3    -2
   -4    -3
   -2    -2
   -1     0
    0    -1

r4_lp14_359=
   -1     2
    3    -2
   -4    -3
   -2    -2
   -1     0
    0    -1

r4_lp14_360=
    1     3
   -2    -4
   -2    -2
   -1     0
    0    -2

r4_lp14_361=
    0     3
   -2    -4
   -3    -2
   -1     0
    0    -2

r4_lp14_362=
   -1    -3
   -2     3
    3     0
   -1    -2
   -2    -1

r4_lp14_363=
   -1    -2
   -3    -1
    3     3
    0     0
   -1    -2
   -2    -1

r4_lp14_364=
    0     3
    3    -1
   -3    -3
   -2    -2
   -1     0
    0    -1

r4_lp14_365=
    2     3
    3    -3
   -3    -2
   -2    -1
    1    -1

r4_lp14_366=
    1     2
    3    -3
   -3    -2
   -2    -1
    1    -1

r4_lp14_367=
    0     3
   -3    -3
   -1    -2
   -1     1
   -1    -2

r4_lp14_368=
   -1     3
   -3    -3
   -2    -2
   -1     1
   -1    -2

r4_lp14_369=
    0     3
   -3    -3
   -2    -2
   -1     1
    0    -2

r4_lp14_370=
    1     3
   -3    -2
   -2    -1
    1    -2

r4_lp14_371=
   -2     3
   -3    -3
   -2    -1
    1    -2

r4_lp14_372=
   -3    -4
   -3     3
    3     1
    0    -1
   -2    -1

r4_lp14_373=
    2     3
   -3    -4
   -3    -2
   -1     1
    0    -1

r4_lp14_374=
    1     3
   -3    -4
   -3    -2
   -1     1
    0    -1

r4_lp14_375=
    0     3
   -3    -4
   -3    -2
   -1     1
    0    -1

r4_lp14_376=
   -1     3
   -3    -4
   -3    -2
   -1     1
    0    -1

r4_lp14_377=
   -2     3
   -3    -4
   -2    -1
    1     0

r4_lp14_378=
   -3    -4
   -3     3
    1     0
   -2    -1

r4_lp14_379=
    0     3
   -2    -3
   -2    -1
    1    -2

r4_lp14_380=
    1     3
    3    -2
   -3    -2
   -2    -1
    1    -1

r4_lp14_381=
    0     2
    3    -2
   -3    -2
   -2    -1
    1    -1

r4_lp14_382=
    0     3
   -2    -3
   -2    -2
   -1     1
   -1    -2

r4_lp14_383=
   -1     3
   -2    -3
   -3    -2
   -1     1
   -1    -2

r4_lp14_384=
   -2    -3
   -3     2
    3     3
    1     0
   -1    -2
   -2    -1

r4_lp14_385=
    1     2
    3    -2
   -3    -3
   -2    -2
   -1     1
    0    -1

r4_lp14_386=
    0     1
    3    -2
   -3    -3
   -2    -2
   -1     1
    0    -1

r4_lp14_387=
    0     3
   -2    -3
   -3    -1
   -2    -1
    1     0
   -1    -2

r4_lp14_388=
   -1     3
   -2    -3
   -3    -2
   -2    -1
    1     0
   -1    -2

r4_lp14_389=
   -2    -3
   -3    -2
    3     1
    0    -2
   -2    -1

r4_lp14_390=
   -2    -4
   -3     3
    3     1
    0    -1
   -2    -1

r4_lp14_391=
   -2    -4
   -3     2
    3     1
    0    -1
   -2    -1

r4_lp14_392=
    1     3
   -2    -4
   -3    -2
   -1     1
    0    -1

r4_lp14_393=
    0     3
   -2    -4
   -3    -2
   -1     1
    0    -1

r4_lp14_394=
   -1     3
   -2    -4
   -3    -2
   -1     1
    0    -1

r4_lp14_395=
   -2    -4
   -2     3
    1     0
   -2    -1

r4_lp14_396=
   -2    -4
   -3     3
    1     0
   -2    -1

r4_lp14_397=
    0     3
   -2    -3
   -2    -2
   -1     1
    1    -2

r4_lp14_398=
   -1     3
   -2    -3
   -3    -2
   -2    -1
    1     1
    0    -2

r4_lp14_399=
   -2    -3
   -3     3
    3     1
    1    -1
   -2    -1

r4_lp14_400=
   -2    -3
   -3     2
    3     1
    1    -1
   -2    -1

r4_lp14_401=
    1     3
   -2    -3
   -3    -2
   -1     1
    1    -1

r4_lp14_402=
    0     3
   -2    -3
   -3    -2
   -1     1
    1    -1

r4_lp14_403=
   -1     3
   -2    -3
   -3    -2
   -1     1
    1    -1

r4_lp14_404=
   -2    -3
   -3    -2
    3     1
    1    -1
   -2    -1

r4_lp14_405=
   -2    -3
   -3     3
    1     1
   -2    -1

r4_lp14_406=
    1    -3
   -2     0
    3     0
    1    -2
   -2    -1

r4_lp14_407=
    1    -3
   -3    -2
   -1     3
    0     1
    0    -2
   -2    -1

r4_lp14_408=
    1    -3
   -3    -1
    3     0
    1    -1
   -2    -1

r4_lp14_409=
    1    -3
   -3    -2
    3     0
    1    -1
   -2    -1

r4_lp14_410=
    1    -3
   -3     3
    0     1
   -2    -1

r4_lp14_411=
    1    -2
   -3    -1
    3     0
    1    -2
   -2    -1

r4_lp14_412=
    1    -2
   -3    -2
   -1     3
    0     1
   -1    -2
   -2    -1

r4_lp14_413=
    1    -2
   -3    -3
   -2     3
    0     1
   -1    -2
   -2    -1

r4_lp14_414=
    1    -2
   -3    -3
    3     3
    0     1
    0    -1
   -2    -1

r4_lp14_415=
    1    -2
   -3    -3
    2     3
    0     1
    0    -1
   -2    -1

r4_lp14_416=
    1    -2
   -3    -3
    1     3
    0     1
    0    -1
   -2    -1

r4_lp14_417=
    1    -2
   -3    -3
   -2     3
    0     1
    0    -1
   -2    -1

r4_lp14_418=
    1    -2
   -3    -3
    3     0
    1     0
   -2    -1

r4_lp14_419=
    1    -2
   -3    -2
   -1     3
    0     1
    1    -2
   -2    -1

r4_lp14_420=
    1    -2
   -3    -3
   -2     3
    0     1
    1     0
   -2    -1

r4_lp14_421=
    0     3
   -1    -4
   -2    -1
    1     0

r4_lp14_422=
   -1    -4
   -1     3
    1     0
   -2    -1

r4_lp14_423=
   -1    -2
   -3    -2
    3     1
    1    -2
   -2    -1

r4_lp14_424=
   -1    -2
   -3    -2
    3     1
    1    -1
   -2    -1

r4_lp14_425=
   -1    -2
   -3    -3
    3     1
    1    -1
   -2    -1

r4_lp14_426=
   -1    -3
   -2     3
    1     1
   -2    -1

r4_lp14_427=
   -2     3
   -3    -2
   -1     2

r4_lp14_428=
    0    -1
   -3    -4
   -3    -2
    0    -1
    0     1
    0    -2
   -3    -2

r4_lp14_429=
    0     1
   -3    -4
   -2    -2
   -1     1
    0    -3

r4_lp14_430=
    0     1
   -2    -4
   -2    -2
   -1     1
    0    -3

r4_lp14_431=
    2    -3
   -3    -2
   -1     1
   -1    -3

r4_lp14_432=
    0    -3
   -3    -2
    2     0
    1     0
   -3    -1

r4_lp14_433=
   -2    -3
   -2     2
    1    -2
   -3    -1

r4_lp14_434=
   -2    -3
   -2     2
    1     1
   -3    -1

r4_lp14_435=
    2    -3
   -2    -1
    2    -3

r4_lp14_436=
   -1    -3
   -2     2
    1     0
   -3    -1

r4_lp14_437=
    0    -1
   -4    -3
   -2     0
   -1     1
    0    -2
   -3    -2

r4_lp14_438=
    0    -1
   -2    -4
   -3    -2
   -2     1
    1     0
   -2    -3

r4_lp14_439=
    1    -3
   -2     2
    0     1
   -3    -1

r4_lp14_440=
    1    -3
   -3    -2
    0     1
    0     1
    0    -3
   -2    -1

r4_lp14_441=
    1    -3
   -3    -2
    0     0
    1    -1
   -3    -2

r4_lp14_442=
    1    -2
   -3    -2
    0     1
    0     1
   -2    -3
   -2    -1

r4_lp14_443=
    1    -2
   -3    -3
   -2     0
    0     1
   -1    -2
   -3    -2

r4_lp14_444=
    1    -2
   -3    -2
    0     1
    0     1
    0    -3
   -2    -1

r4_lp14_445=
    1    -2
   -3    -3
   -2     0
    0     1
    0    -1
   -3    -2

r4_lp14_446=
    1    -2
   -3    -2
    0     1
    0     1
    1    -3
   -2    -1

r4_lp14_447=
    1    -2
   -3    -3
   -2     0
    0     1
    1     0
   -3    -2

r4_lp14_448=
    1    -1
   -3    -2
    0     1
    0     1
    0    -3
   -2    -1

r4_lp14_449=
    1    -1
   -2    -3
   -2     0
    0     1
    1    -2
   -3    -2

r4_lp14_450=
    1    -3
   -2     1
    0     2
   -3    -1

r4_lp14_451=
    1    -3
   -2     0
    0     2
   -3    -2

r4_lp14_452=
   -2     3
   -3    -4
   -3    -3
   -1     0
    0    -2

r4_lp14_453=
   -2    -4
   -2     3
    0     0
   -3    -1

r4_lp14_454=
   -2     3
   -3    -3
   -1     1

r4_lp14_455=
   -2    -2
    3     1
   -3    -1

r4_lp14_456=
    0    -3
   -4    -3
   -2     1
   -1     1
    0    -2
   -3    -2

r4_lp14_457=
   -1    -3
   -4    -2
    1     0
    1     0
   -3    -2

r4_lp14_458=
    1    -2
   -4    -2
   -2     1
    0    -3

r4_lp14_459=
    1    -2
   -3    -3
   -2     1
   -1     1
    1     0
   -3    -2

r4_lp14_460=
    1    -3
   -3    -2
    1    -1
    2     1
   -3    -2

r4_lp14_461=
    0    -3
   -3    -2
    1     1
    0     1
    0    -3
   -2    -1

r4_lp14_462=
    0    -3
   -3    -2
    1     0
    1    -1
   -3    -2

r4_lp14_463=
    0    -2
   -3    -2
    1     1
    0     1
    1    -3
   -2    -1

r4_lp14_464=
    0    -2
   -3    -3
   -2     1
    0     1
    1     0
   -3    -2

r4_lp14_465=
    0    -3
   -2     1
    1     0
    2    -3
   -2    -1

r4_lp14_466=
    0    -3
   -3    -2
    1     0
    2     1
   -3    -2

r4_lp14_467=
    1     2
   -3    -3
   -2    -2
   -1     1
    0    -3

r4_lp14_468=
    0    -3
   -2     1
    2     0
    1    -3
   -2    -1

r4_lp14_469=
   -1    -3
   -2     1
    1     1
    0    -3
   -2    -1

r4_lp14_470=
   -1    -4
   -2     1
    1     0
   -3    -2

r4_lp14_471=
    0    -1
   -2    -3
   -2     1
    0     1
    1     0
   -3    -2

r4_lp14_472=
    0    -1
   -3    -2
    1     0
    1     1
   -3    -2

r4_lp14_473=
    0    -1
   -3    -2
    1     0
    1     2
   -3    -2

r4_lp14_474=
    1    -3
   -2     1
    0     1
   -3    -2

r4_lp14_475=
    1     3
   -4    -3
   -2    -2
   -1     0
   -2    -3

r4_lp14_476=
    1     3
   -3    -4
   -2    -2
   -1     0
    0    -3

r4_lp14_477=
    2    -3
   -4    -2
   -2     1
    0    -3

r4_lp14_478=
   -1    -4
   -2     2
    0     0
   -3    -2

r4_lp14_479=
   -2    -3
   -3    -2
    2     1
   -1    -2
   -3    -2

r4_lp14_480=
    2    -3
   -3    -2
   -2     2
    1    -3

r4_lp14_481=
    1    -2
   -3    -2
    2    -1
    1    -2
   -3    -2

r4_lp14_482=
    1    -2
   -3    -2
    2    -1
    1     0
   -3    -2

r4_lp14_483=
    1    -2
   -3    -2
    2    -1
    1     1
   -3    -2

r4_lp14_484=
    0    -3
   -2     2
    0     1
   -3    -2

r4_lp14_485=
    2    -4
   -3    -2
    2    -1
    0    -2
   -3    -2

r4_lp14_486=
    2    -3
   -4    -2
    2    -1
    0     0
   -3    -2

r4_lp14_487=
    2    -3
   -2     2
   -1     1
   -3    -2

r4_lp14_488=
    2     3
   -4    -2
   -2    -1
    0    -3

r4_lp14_489=
    2     3
   -3    -3
   -2    -2
   -1     0
   -1    -3

r4_lp14_490=
   -2    -3
   -2     2
    3     0
   -1    -3
   -2    -1

r4_lp14_491=
   -2    -3
   -2     2
    3     0
    0    -3
   -2    -1

r4_lp14_492=
   -2    -4
   -2     3
    0     0
   -3    -2

r4_lp14_493=
    1    -3
   -4    -2
    3    -1
    0     0
   -3    -2

r4_lp14_494=
    2    -4
   -2     3
   -1     0
   -3    -2

r4_lp14_495=
   -2    -3
   -2     3
    2     0
    0    -3
   -2    -1

r4_lp14_496=
   -1    -2
   -2     3
    2     1
   -2    -3
   -2    -1

r4_lp14_497=
   -1    -2
   -2     3
    1    -1
   -3    -2

r4_lp14_498=
    1    -1
   -2     3
    0     1
   -3    -2

r4_lp14_499=
   -2    -2
    3     3
    0    -3
   -2    -1

r4_lp14_500=
    0    -1
   -3    -4
   -3    -2
   -1    -2
    0     1
    0    -2
   -3    -3

r4_lp14_501=
    0    -3
   -4    -1
   -1     2
    0    -3

r4_lp14_502=
   -1     2
   -3    -3
   -2    -3
   -1     1
    0    -3

r4_lp14_503=
    0    -3
   -2    -1
    2     0
    1    -3
   -3    -1

r4_lp14_504=
   -1     2
   -3    -2
   -3    -1
    2    -2

r4_lp14_505=
   -1     2
   -3    -3
   -3    -1
    2     1

r4_lp14_506=
    0    -3
   -4    -2
   -1     1
   -1     1
    0    -3
   -3    -2

r4_lp14_507=
    1    -2
   -3    -2
   -1     1
   -1     1
    1    -3
   -3    -2

r4_lp14_508=
    1    -2
   -3    -3
   -2    -1
    1    -1
    1     1
    0    -2
   -3    -2

r4_lp14_509=
    1    -3
   -3    -1
    1    -1
    2     0
   -3    -2

r4_lp14_510=
    0    -3
   -2    -1
    1     1
    0     1
   -3    -3
   -2    -1

r4_lp14_511=
    0    -3
   -3    -2
   -1     1
    1     0
    1     0
   -2    -3
   -2    -1

r4_lp14_512=
    0    -2
   -3    -3
   -1     1
    1     0
    1     1
    0    -3
   -2    -1

r4_lp14_513=
    1     2
   -3    -2
   -1    -2
   -1     1
   -3    -3

r4_lp14_514=
    0    -3
   -2    -1
    1     2
    0     1
   -2    -3
   -2    -1

r4_lp14_515=
    1     2
   -2    -3
   -1    -2
   -1     1
    1    -3

r4_lp14_516=
    1     2
   -3    -2
   -1    -2
   -1     2
   -1    -3

r4_lp14_517=
    1    -3
   -1     1
    2     0
    1    -3
   -2    -1

r4_lp14_518=
    1    -3
   -2    -1
    1     0
    1    -2
   -3    -2

r4_lp14_519=
    1    -3
   -2    -1
    1     0
    1    -3
   -3    -1

r4_lp14_520=
   -1     3
   -4    -2
   -3    -1
    0    -3

r4_lp14_521=
   -1     3
   -3    -3
   -1     1

r4_lp14_522=
   -1     2
   -2    -3
   -2    -3
   -2     1
   -2    -3

r4_lp14_523=
   -1     2
   -2    -3
   -3    -3
   -2     1
   -1    -2

r4_lp14_524=
    1    -2
   -3    -1
    2    -1
    1    -2
   -3    -2

r4_lp14_525=
    1    -3
   -1     2
    0     1
   -3    -2

r4_lp14_526=
   -1    -2
   -1     3
    2     1
   -3    -3
   -2    -1

r4_lp14_527=
   -1    -2
   -2    -1
    3     1
   -2    -3
   -3    -2

r4_lp14_528=
    1    -2
   -3     0
    1     0
    1    -2
   -3    -1

r4_lp14_529=
    1    -2
   -4     0
    1     0
    1     0
   -3    -1

r4_lp14_530=
    1    -2
   -3    -4
    0     0
    1     1
    0    -3

r4_lp14_531=
    0     3
   -3    -3
   -1     2

r4_lp14_532=
    0     3
   -1    -2
   -3    -2
    1    -3

r4_lp14_533=
   -2    -3
    2     3
    0    -2
   -3    -1

r4_lp14_534=
   -2    -3
    3     2
   -2    -1

r4_lp14_535=
   -1    -2
    3     2
   -3    -1

r4_lp14_536=
   -1    -3
    3     2
   -2    -1

r4_lp14_537=
    3    -4
   -1     3
    0     0
   -1    -2

r4_lp14_538=
    3    -4
    1     3
    0     0
   -2    -1

r4_lp14_539=
    3    -4
    1     2
    0     0
   -2    -2

r4_lp14_540=
    3    -4
   -2     3
    0     0
   -1    -1

r4_lp14_541=
    3    -3
   -4     3
    0     1
    0    -2

r4_lp14_542=
    3    -3
   -4    -1
    3     0
    1     0
   -1    -1

r4_lp14_543=
    3    -3
   -4     2
    0     1
    0    -2

r4_lp14_544=
    3    -3
   -4     1
    0     1
    0    -2

r4_lp14_545=
    3    -3
   -4    -2
    2     0
    1     0
   -1    -1

r4_lp14_546=
    3    -3
   -4     0
    0     1
    0    -2

r4_lp14_547=
    3    -3
   -4    -1
    0     1
    0    -2

r4_lp14_548=
    3    -3
   -4    -3
    1     0
    1     0
   -1    -1

r4_lp14_549=
    3    -3
   -4    -2
    0     1
    0    -2

r4_lp14_550=
    3    -3
   -4    -3
    0     1
    0    -2

r4_lp14_551=
    3    -2
   -4     3
    0     1
    0    -2

r4_lp14_552=
    3    -2
   -4    -1
    3     0
    1     0
   -1    -1

r4_lp14_553=
    3    -2
   -3    -4
    0     3
    0     1
    1     0
   -1    -1

r4_lp14_554=
    3    -2
   -3    -4
   -1     2
    0     1
    1     0
   -1    -1

r4_lp14_555=
    3    -2
   -3    -4
   -2     1
    0     1
    1     0
   -1    -1

r4_lp14_556=
    3    -2
   -3    -4
   -3     0
    0     1
    1     0
   -1    -1

r4_lp14_557=
    3    -1
   -3    -4
    1     3
    0     1
    1     0
   -1    -1

r4_lp14_558=
    3    -1
   -3    -4
    0     2
    0     1
    1     0
   -1    -1

r4_lp14_559=
    3    -1
   -3    -4
   -2     0
    0     1
    1     0
   -1    -1

r4_lp14_560=
    3    -1
   -3    -4
   -3    -1
    0     1
    1     0
   -1    -1

r4_lp14_561=
    2    -4
    3     3
    1     0
   -2     0

r4_lp14_562=
    2    -4
   -1     3
    3     1
    0    -1
   -1     0

r4_lp14_563=
    1    -4
    0     3
    3     2
    1     0
   -1    -1
    0     1

r4_lp14_564=
    0    -4
    1     3
    3     2
    1     0
   -1    -1
    0     1

r4_lp14_565=
    4    -4
    3     0
    0    -2

r4_lp14_566=
    4    -4
   -1     3
    0     0
   -1    -1

r4_lp14_567=
    4    -3
   -2     2
    0     1
   -2    -1

r4_lp14_568=
    4    -3
   -2    -1
    0     1
   -2    -2

r4_lp14_569=
    4    -3
   -3    -2
    0     1
    0    -2

r4_lp14_570=
    4    -3
   -3     1
    0     1
   -1    -1

r4_lp14_571=
    4    -3
   -3     0
    1    -2

r4_lp14_572=
    4    -3
   -4     0
    3     0
    1     0
   -1    -1

r4_lp14_573=
    4    -3
   -4    -1
    2     0
    1     0
   -1    -1

r4_lp14_574=
    4    -3
   -4    -2
    1     0
    1     0
   -1    -1

r4_lp14_575=
    4    -3
   -4    -3
    0     0
    1     0
   -1    -1

r4_lp14_576=
    4    -2
   -4     0
    3     0
    1     0
   -1    -1

r4_lp14_577=
    4    -2
   -3    -2
    0     1
    1    -2

r4_lp14_578=
    4    -2
   -3    -3
    0     0
    1     1
   -1    -1

r4_lp14_579=
    4    -2
   -3    -4
    1     3
    0     1
    1     0
   -1    -1

r4_lp14_580=
    4    -2
   -3    -4
    0     2
    0     1
    1     0
   -1    -1

r4_lp14_581=
    4    -2
   -3    -4
   -1     1
    0     1
    1     0
   -1    -1

r4_lp14_582=
    4    -2
   -3    -4
   -2     0
    0     1
    1     0
   -1    -1

r4_lp14_583=
    4    -2
   -3    -4
   -3    -1
    0     1
    1     0
   -1    -1

r4_lp14_584=
    4    -1
   -3    -3
   -1     0
    1     1
   -1    -1
