r4_lp11_1=
    3    -4
   -3    -2
    0    -2

r4_lp11_2=
    0    -3
   -3     3
   -1    -1
   -2    -2

r4_lp11_3=
    0    -4
   -2     3
   -1     0
   -2    -2

r4_lp11_4=
    0    -4
   -3     2
   -1     0
   -2    -2

r4_lp11_5=
   -1     3
   -3    -4
   -3    -2
   -2     0
    0    -1

r4_lp11_6=
    2    -3
   -4    -3
   -2     0
    0    -2

r4_lp11_7=
    0    -3
   -4    -3
    1    -1
    0     0
   -2    -2

r4_lp11_8=
    0     3
   -2    -4
   -3    -2
   -2     0
    0    -1

r4_lp11_9=
   -1     2
   -2    -4
   -3    -2
   -2     0
    0    -1

r4_lp11_10=
   -1     3
   -2    -4
   -2    -2
    0     0

r4_lp11_11=
    1    -3
   -2     3
   -1    -1
   -2    -2

r4_lp11_12=
    1    -4
   -3    -1
    3    -1
    0    -1
   -2    -2

r4_lp11_13=
    1    -4
   -2     2
   -1     0
   -2    -2

r4_lp11_14=
    1    -4
   -3     1
   -1     0
   -2    -2

r4_lp11_15=
    1    -3
   -3    -1
    3    -1
    0    -1
   -2    -2

r4_lp11_16=
    0     3
    1    -3
   -4    -3
   -2    -2
   -1     0
    0    -1

r4_lp11_17=
    1    -3
   -4    -3
   -1     2
   -1     0
    0    -1
   -2    -2

r4_lp11_18=
    1    -3
   -4    -2
    1    -1
    0     0
   -2    -2

r4_lp11_19=
    0     1
   -3    -4
   -3    -2
   -1     0
    0    -2

r4_lp11_20=
    1    -2
   -4    -3
    1     3
   -1     0
    0    -1
   -2    -2

r4_lp11_21=
    0     2
    1    -2
   -4    -3
   -2    -2
   -1     0
    0    -1

r4_lp11_22=
    0     1
   -2    -4
   -2    -2
   -1     0
    0    -2

r4_lp11_23=
    1    -2
   -4    -3
   -1    -1
    0     0
   -2    -2

r4_lp11_24=
   -1    -4
   -1     2
    0     0
   -2    -2

r4_lp11_25=
    2     3
   -3    -3
   -2    -2
    1    -1

r4_lp11_26=
    1    -3
   -3     1
    2    -1
    1    -1
   -2    -2

r4_lp11_27=
    1     3
   -3    -3
   -2    -2
   -2     1
    0    -1

r4_lp11_28=
    0     1
    1    -3
   -3    -2
   -2    -1
    1    -1

r4_lp11_29=
    0     2
   -1    -3
   -3    -2
   -2     0
    1    -1

r4_lp11_30=
    0     2
    1    -3
   -3    -2
   -2    -2
   -1     1
    0    -1

r4_lp11_31=
    0     3
   -3    -2
   -2    -2
    1    -1

r4_lp11_32=
    0     3
   -3    -3
   -2    -2
    1     0

r4_lp11_33=
   -1     2
   -3    -3
   -2    -2
    1    -1

r4_lp11_34=
   -1    -3
   -3    -1
    1     0
    1    -1
   -2    -2

r4_lp11_35=
    1    -3
   -2    -1
    2    -1
    1    -1
   -2    -2

r4_lp11_36=
   -1     3
   -3    -2
   -2     1

r4_lp11_37=
    2    -3
   -3    -2
   -2     1
    0    -2

r4_lp11_38=
   -3    -4
   -3     3
    1     0
   -1    -2

r4_lp11_39=
    1    -3
   -4    -3
    2    -1
    1     0
   -1    -2

r4_lp11_40=
   -2     2
    3    -3
   -4    -1
   -2    -2
    1     0

r4_lp11_41=
   -1    -3
   -4    -3
    1     2
    0     1
    0    -1
   -2    -2

r4_lp11_42=
    1    -3
   -4    -2
    1     2
   -1     1
    0    -1
   -2    -2

r4_lp11_43=
    1    -3
   -4    -3
    1    -1
    1     0
   -1    -2

r4_lp11_44=
    1     3
   -3    -4
   -2    -2
    1     0

r4_lp11_45=
    0     1
   -3    -4
   -3    -2
   -1     1
    0    -1

r4_lp11_46=
    0     1
   -1    -3
   -4    -3
   -2    -2
    0     1
    0    -1

r4_lp11_47=
    0     1
    1    -3
   -4    -2
   -2    -1
    1     0

r4_lp11_48=
    0     2
   -3    -4
   -3    -2
   -2     1
    0    -1

r4_lp11_49=
    0     2
   -1    -3
   -4    -2
   -2     0
    1     0

r4_lp11_50=
    0    -3
   -4    -3
   -1     1
   -1     1
    0    -1
   -2    -2

r4_lp11_51=
   -1     2
   -3    -4
   -2    -2
    1     0

r4_lp11_52=
   -1    -3
   -4    -1
    1     0
    1     0
   -2    -2

r4_lp11_53=
    0    -1
   -3    -4
   -3    -1
    0    -1
    0     1
    0    -1
   -2    -2

r4_lp11_54=
    0     1
   -3    -4
   -1    -2
   -1     1
    0    -2

r4_lp11_55=
    1    -3
   -4    -3
   -1    -1
    1     0
   -1    -2

r4_lp11_56=
    0    -1
   -3    -4
   -2    -2
    0     1
    0    -2

r4_lp11_57=
    0    -1
   -3    -4
   -2    -1
   -1     0
    1     0
   -2    -2

r4_lp11_58=
    1    -3
   -4    -2
   -1     1
    0    -2

r4_lp11_59=
    0    -3
   -4    -3
   -1    -1
    1     0
   -2    -2

r4_lp11_60=
    0    -1
   -3    -4
   -3    -2
   -1     0
    1     0
   -2    -2

r4_lp11_61=
    1    -3
   -4    -3
   -1     1
    0    -2

r4_lp11_62=
    0     1
   -2    -3
   -2    -1
    1    -2

r4_lp11_63=
    1     3
   -2    -3
   -2    -2
    1    -1

r4_lp11_64=
    0     2
    1    -2
   -3    -2
   -2    -1
    1    -1

r4_lp11_65=
    1    -2
   -3    -1
    1    -1
    1    -1
   -2    -2

r4_lp11_66=
   -2    -3
   -3     2
    3     1
    0    -1
   -2    -2

r4_lp11_67=
    1    -2
   -3    -3
    1     2
   -1     1
    0    -1
   -2    -2

r4_lp11_68=
    0     1
    1    -2
   -3    -3
   -2    -2
   -1     1
    0    -1

r4_lp11_69=
    0     2
   -2    -3
   -3    -2
   -2     1
    0    -1

r4_lp11_70=
    0     1
   -2    -3
   -3    -1
   -2    -1
    1     0
   -1    -2

r4_lp11_71=
    1    -2
   -3    -3
   -2    -1
   -1     1
    0    -1
   -2    -2

r4_lp11_72=
    1    -2
   -3    -3
   -2    -1
    1     0
   -2    -2

r4_lp11_73=
   -2    -4
   -2     2
    3     1
    0    -1
   -2    -2

r4_lp11_74=
   -2    -4
   -3     3
    1     0
   -1    -2

r4_lp11_75=
    1    -2
   -4    -3
    2    -1
    1     0
   -1    -2

r4_lp11_76=
    1     2
   -2    -4
   -3    -2
   -2     1
    0    -1

r4_lp11_77=
    1    -2
   -4    -2
    1     2
   -1     1
    0    -1
   -2    -2

r4_lp11_78=
    1    -2
   -4    -3
    1    -1
    1     0
   -1    -2

r4_lp11_79=
    1     3
   -2    -4
   -2    -2
    1     0

r4_lp11_80=
    0     1
   -2    -4
   -3    -2
   -1     1
    0    -1

r4_lp11_81=
    0     1
    1    -2
   -4    -2
   -2    -1
    1     0

r4_lp11_82=
    0     2
   -2    -4
   -2    -2
    1     0

r4_lp11_83=
    0     1
   -2    -4
   -1    -2
   -1     1
    0    -2

r4_lp11_84=
    1    -2
   -4    -3
   -1    -1
    1     0
   -1    -2

r4_lp11_85=
    1    -2
   -4    -2
   -1     1
    0    -2

r4_lp11_86=
    1    -2
   -4    -3
   -1     1
    0    -2

r4_lp11_87=
    1     3
   -2    -3
   -2    -2
   -2     1
    1    -1

r4_lp11_88=
   -2    -3
   -3    -2
    2     3
    1     1
    0    -1
   -2    -2

r4_lp11_89=
    1    -2
   -3    -3
   -2     1
    2    -1
    1     1
    0    -1
   -2    -2

r4_lp11_90=
    1    -2
   -3    -3
   -2    -1
   -1     1
    1     0
   -2    -2

r4_lp11_91=
   -2    -3
   -3     3
    1     1
   -1    -2

r4_lp11_92=
    1    -2
   -3    -3
    2    -1
    1     1
   -1    -2

r4_lp11_93=
    1     2
   -2    -3
   -3    -2
   -2     1
    1    -1

r4_lp11_94=
    1    -2
   -3    -3
    1    -1
    1     1
   -1    -2

r4_lp11_95=
    0     1
   -2    -3
   -3    -2
   -1     1
    1    -1

r4_lp11_96=
    1    -2
   -3    -3
   -1    -1
    1     1
   -1    -2

r4_lp11_97=
    1    -2
   -3    -3
   -2    -1
    1     1
   -1    -2

r4_lp11_98=
    1    -2
   -3    -3
   -1     1
    1    -2

r4_lp11_99=
    0    -3
   -4    -2
    1     1
    0     1
    0    -1
   -2    -1

r4_lp11_100=
    0    -2
   -3     2
    3     0
    1    -1
   -2    -2

r4_lp11_101=
    0    -2
   -3    -3
    3     0
    1     0
   -1    -2

r4_lp11_102=
    0    -2
   -3    -3
    2     0
    1     0
   -1    -2

r4_lp11_103=
    0    -2
   -3    -3
    1     1
    0     1
    0    -1
   -2    -1

r4_lp11_104=
   -1     3
   -3    -3
   -1    -2
    2     0

r4_lp11_105=
   -2     3
   -3    -3
   -1    -2
    2     1

r4_lp11_106=
    2    -3
   -3    -2
    2    -1

r4_lp11_107=
   -2     2
    3    -3
   -1    -2
   -2     2

r4_lp11_108=
    0     1
   -3    -2
   -2    -1
    2    -2

r4_lp11_109=
    1    -3
   -3    -2
   -1    -1
    2     1
   -2    -2

r4_lp11_110=
   -3    -4
    3     2
    0    -2

r4_lp11_111=
   -2     2
   -3    -4
   -1    -2
    2     0

r4_lp11_112=
    1     2
   -3    -4
   -2    -2
    2     0

r4_lp11_113=
    1    -3
   -4     1
   -1     2
    0    -2

r4_lp11_114=
    0    -3
   -4     1
    0     2
    0    -2

r4_lp11_115=
    0    -3
   -4    -1
    0     2
    0    -2

r4_lp11_116=
    0     3
    2    -4
   -3    -2
   -2    -1
    0    -1

r4_lp11_117=
   -1     2
    2    -4
   -3    -2
   -2    -1
    0    -1

r4_lp11_118=
    1     2
   -4    -2
   -2    -1
    0    -2

r4_lp11_119=
    0     2
   -4    -3
   -2    -1
    0    -2

r4_lp11_120=
    0     3
    2    -3
   -3    -2
   -2    -1
    0    -1

r4_lp11_121=
    1     3
    2    -3
   -4    -3
   -2    -2
   -1     0
    0    -1

r4_lp11_122=
    0     2
    2    -3
   -4    -3
   -2    -2
   -1     0
    0    -1

r4_lp11_123=
    1     2
   -3    -4
   -3    -1
   -2    -1
    0     0
   -1    -2

r4_lp11_124=
    0     2
   -3    -4
   -2    -2
   -1     0
    0    -2

r4_lp11_125=
   -1     2
   -3    -4
   -3    -2
   -1     0
    0    -2

r4_lp11_126=
    2    -3
   -3     3
   -1     1
   -1    -2

r4_lp11_127=
    2    -3
   -3     2
   -1     1
   -1    -2

r4_lp11_128=
    1     2
   -3    -3
   -2    -1
    1    -1

r4_lp11_129=
    0     2
   -3    -3
   -2    -1
    1    -1

r4_lp11_130=
   -1     2
   -3    -3
   -2    -1
    1    -1

r4_lp11_131=
    2    -3
   -3    -2
   -1     1
   -1    -2

r4_lp11_132=
    2    -3
   -3    -1
    1    -2

r4_lp11_133=
   -2    -3
   -2     2
    1    -2
   -2    -1

r4_lp11_134=
   -2    -3
   -3     2
    1    -1
   -2    -1

r4_lp11_135=
    2    -3
   -2    -1
    2    -2

r4_lp11_136=
    2    -3
   -3     2
   -1     2
    0    -2

r4_lp11_137=
   -1    -3
   -3     3
    1     0
   -1    -2

r4_lp11_138=
   -1    -2
   -3     2
    1     1
   -2    -1

r4_lp11_139=
    1     3
    3    -4
   -3    -2
   -2    -1
    0    -1

r4_lp11_140=
    0     2
    3    -4
   -3    -2
   -2    -1
    0    -1

r4_lp11_141=
    1     3
   -4    -3
   -1    -2
   -1     0
   -1    -2

r4_lp11_142=
    0     3
   -4    -2
   -2    -1
    0    -2

r4_lp11_143=
   -1     3
   -4    -3
   -2    -1
    0    -2

r4_lp11_144=
    1     3
    3    -3
   -3    -2
   -2    -1
    0    -1

r4_lp11_145=
    2     3
    3    -3
   -4    -3
   -2    -2
   -1     0
    0    -1

r4_lp11_146=
    1     2
    3    -3
   -4    -3
   -2    -2
   -1     0
    0    -1

r4_lp11_147=
    0     1
    3    -3
   -4    -3
   -2    -2
   -1     0
    0    -1

r4_lp11_148=
    0     3
   -3    -4
   -3    -1
   -2    -1
    0     0
   -1    -2

r4_lp11_149=
   -1     3
   -3    -4
   -2    -2
   -1     0
    0    -2

r4_lp11_150=
   -2     3
   -3    -4
   -3    -2
   -1     0
    0    -2

r4_lp11_151=
    1     3
    3    -2
   -3    -2
   -2    -1
    0    -1

r4_lp11_152=
   -2    -3
   -3     2
    3     3
    0     0
   -1    -2
   -2    -1

r4_lp11_153=
   -2     3
   -3    -2
   -1     1

r4_lp11_154=
   -2    -3
    3     1
   -2    -1

r4_lp11_155=
    3    -4
    1     3
    0     0
   -1    -1

r4_lp11_156=
    3    -3
   -4     2
    3     0
    1     0
   -1    -1

r4_lp11_157=
    3    -3
   -4     0
    1     0
    1     0
   -1    -1

r4_lp11_158=
    3    -3
   -4    -1
    0     0
    1     0
   -1    -1

r4_lp11_159=
    3    -3
   -4    -2
   -1     0
    1     0
   -1    -1

r4_lp11_160=
    3    -3
   -4    -3
   -2     0
    1     0
   -1    -1

r4_lp11_161=
    2    -4
    2     3
    3     1
    0    -1
   -1     0

r4_lp11_162=
    4    -4
    2     3
    0     0
   -1    -1

r4_lp11_163=
    4    -3
   -3    -2
    0     1
   -1    -1

r4_lp11_164=
    4    -3
   -4     3
    0     1
    0    -1

r4_lp11_165=
    4    -3
   -4     2
    0     1
    0    -1

r4_lp11_166=
    4    -3
   -4     1
    0     1
    0    -1

r4_lp11_167=
    4    -3
   -4     0
    0     1
    0    -1

r4_lp11_168=
    4    -3
   -4    -1
    0     1
    0    -1

r4_lp11_169=
    4    -3
   -4    -2
    0     1
    0    -1

r4_lp11_170=
    4    -3
   -4    -3
    0     1
    0    -1
