r4_lp6_1=
   -1    -2
   -4    -3
   -2    -1
    0    -2

r4_lp6_2=
    0    -2
   -3    -3
   -2    -1
   -1    -2

r4_lp6_3=
    0    -4
   -2    -2
    0    -2

r4_lp6_4=
    1    -3
   -3    -2
   -1    -2

r4_lp6_5=
   -1    -3
   -1     1
   -1    -1
   -2    -2

r4_lp6_6=
    0     1
   -1    -4
   -3    -2
   -2    -1
    0    -1

r4_lp6_7=
   -1    -4
   -3    -2
   -1     0
   -2    -2

r4_lp6_8=
    0    -4
   -3     3
   -1     0
   -1    -2

r4_lp6_9=
    0    -4
   -3     2
   -1     0
   -1    -2

r4_lp6_10=
    0    -4
   -3     1
   -1     0
   -1    -2

r4_lp6_11=
    0    -4
   -2    -1
    0    -2

r4_lp6_12=
    0    -4
   -3    -1
    0    -2

r4_lp6_13=
   -2     2
   -3    -1
   -2     1
