r4_lp8_1=
    1    -4
   -3    -2
    0    -2

r4_lp8_2=
   -1    -3
   -3     1
   -1    -1
   -2    -2

r4_lp8_3=
   -1    -4
   -2     1
   -1     0
   -2    -2

r4_lp8_4=
    0    -1
   -4    -3
   -2    -1
    0    -2

r4_lp8_5=
   -2    -3
   -3     2
   -1    -1
   -2    -2

r4_lp8_6=
   -3    -3
    3    -1
   -2    -2

r4_lp8_7=
    0    -3
    0     3
   -1    -1
   -2    -2

r4_lp8_8=
    0    -4
   -3     1
    3    -1
    0    -1
   -2    -2

r4_lp8_9=
    0    -4
   -3     0
    2    -1
    0    -1
   -2    -2

r4_lp8_10=
    0    -4
   -2     0
   -1     0
   -2    -2

r4_lp8_11=
    0    -4
   -3    -1
   -1     0
   -2    -2

r4_lp8_12=
    2     3
   -3    -4
   -3    -2
   -2     0
    0    -1

r4_lp8_13=
    0    -3
   -4    -3
    1     2
   -1     0
    0    -1
   -2    -2

r4_lp8_14=
    1     3
   -3    -4
   -2    -2
   -2     0
    0    -1

r4_lp8_15=
    0     2
   -3    -4
   -3    -2
   -2     0
    0    -1

r4_lp8_16=
    0    -3
   -4    -3
    0     1
   -1     0
    0    -1
   -2    -2

r4_lp8_17=
   -1     2
   -3    -4
   -2    -2
    0     0

r4_lp8_18=
    0    -3
   -4    -3
   -2    -1
    0     0
   -2    -2

r4_lp8_19=
    1     3
   -2    -4
   -2    -2
    0     0

r4_lp8_20=
    1    -4
   -3     2
    3    -1
    0    -1
   -2    -2

r4_lp8_21=
    0     1
    1    -4
   -3    -2
   -2    -1
    0    -1

r4_lp8_22=
    0     1
   -4    -3
   -1    -2
   -1     0
   -1    -2

r4_lp8_23=
    1    -4
   -2    -1
   -1     0
   -2    -2

r4_lp8_24=
    1    -4
   -3    -2
   -1     0
   -2    -2

r4_lp8_25=
   -2     3
   -3    -1
   -2     1

r4_lp8_26=
    2    -3
   -3    -2
    1    -1

r4_lp8_27=
   -1    -3
   -3    -2
    2     0
    1     0
   -1    -2

r4_lp8_28=
    1    -3
   -2     2
   -1     1
   -1    -2

r4_lp8_29=
    0    -3
   -3     1
   -1     1
   -1    -2

r4_lp8_30=
    1    -3
   -2     1
   -1     1
   -1    -2

r4_lp8_31=
    0    -3
   -3     0
   -1     1
   -1    -2

r4_lp8_32=
   -2     2
   -3    -4
   -1    -2
    1     0

r4_lp8_33=
    0    -3
   -4    -1
   -1     1
    0    -2

r4_lp8_34=
    1    -2
   -3    -1
    1    -2

r4_lp8_35=
    2    -4
   -3     3
   -1     0
   -1    -2

r4_lp8_36=
    2    -4
   -3     2
   -1     0
   -1    -2

r4_lp8_37=
    1     2
   -4    -3
   -2    -1
    0    -1

r4_lp8_38=
    0     2
   -4    -3
   -2    -1
    0    -1

r4_lp8_39=
   -1     2
   -4    -3
   -2    -1
    0    -1

r4_lp8_40=
    2    -4
   -2    -1
    0    -2

r4_lp8_41=
    2    -4
   -3    -1
    0    -2
