r4_lp7_1=
    0    -4
   -3    -2
    0    -2

r4_lp7_2=
    1    -2
   -3    -3
   -2    -1
   -1    -2

r4_lp7_3=
   -1    -3
   -2     1
   -1    -1
   -2    -2

r4_lp7_4=
   -1    -4
   -3    -1
    1    -1
    0    -1
   -2    -2

r4_lp7_5=
    0    -1
   -4    -2
   -2    -1
    0    -2

r4_lp7_6=
   -1    -4
   -3    -1
   -1     0
   -2    -2

r4_lp7_7=
    2    -3
   -3    -2
   -1    -2

r4_lp7_8=
    0    -4
   -3     2
    3    -1
    0    -1
   -2    -2

r4_lp7_9=
    0    -4
   -3     1
    2    -1
    0    -1
   -2    -2

r4_lp7_10=
    0    -4
   -2    -1
   -1     0
   -2    -2

r4_lp7_11=
    0    -4
   -3    -2
   -1     0
   -2    -2

r4_lp7_12=
    1     2
   -3    -4
   -3    -2
   -2     0
    0    -1

r4_lp7_13=
    0    -3
   -4    -2
    1     2
   -1     0
    0    -1
   -2    -2

r4_lp7_14=
    1    -4
   -3     3
   -1     0
   -1    -2

r4_lp7_15=
    1    -4
   -3     2
   -1     0
   -1    -2

r4_lp7_16=
    0     1
   -4    -3
   -2    -1
    0    -1

r4_lp7_17=
    1    -4
   -3    -1
   -1     0
   -1    -2

r4_lp7_18=
    1    -4
   -2    -1
    0    -2

r4_lp7_19=
    1    -4
   -3    -1
    0    -2

r4_lp7_20=
   -2     2
   -3    -3
   -1    -2
    1     0

r4_lp7_21=
    1    -3
   -3    -2
    1    -1
