r4_lp12_1=
    0    -4
   -3     3
   -1     0
   -2    -2

r4_lp12_2=
   -3    -3
    3     0
   -2    -2

r4_lp12_3=
   -2     3
   -3    -4
   -2    -2
    0     0

r4_lp12_4=
    0    -3
   -4    -3
    2    -1
    0     0
   -2    -2

r4_lp12_5=
   -1     3
   -2    -4
   -3    -2
   -2     0
    0    -1

r4_lp12_6=
   -2    -4
   -2     2
    0     0
   -2    -2

r4_lp12_7=
    1    -3
   -3     3
   -1    -1
   -2    -2

r4_lp12_8=
    1    -4
   -2     3
   -1     0
   -2    -2

r4_lp12_9=
    1    -4
   -3     2
   -1     0
   -2    -2

r4_lp12_10=
    1    -3
   -3    -2
    3    -1
    0    -1
   -2    -2

r4_lp12_11=
    1    -3
   -4    -3
   -1     3
   -1     0
    0    -1
   -2    -2

r4_lp12_12=
    1    -3
   -4    -2
    2    -1
    0     0
   -2    -2

r4_lp12_13=
    1    -3
   -4    -3
    1    -1
    0     0
   -2    -2

r4_lp12_14=
    0     3
    1    -2
   -4    -3
   -2    -2
   -1     0
    0    -1

r4_lp12_15=
    1    -2
   -4    -2
    1    -1
    0     0
   -2    -2

r4_lp12_16=
    0     1
   -2    -4
   -3    -2
   -1     0
    0    -2

r4_lp12_17=
    0     3
   -1    -4
   -2    -2
    0     0

r4_lp12_18=
   -1    -4
   -1     2
    1     0
    0    -2
   -2    -1

r4_lp12_19=
    1     3
   -3    -3
   -2    -2
    1    -1

r4_lp12_20=
    0     2
    1    -3
   -3    -2
   -2    -1
    1    -1

r4_lp12_21=
    0     3
   -3    -3
   -2    -2
   -2     1
    0    -1

r4_lp12_22=
   -1    -3
   -3    -1
    2     0
    1    -1
   -2    -2

r4_lp12_23=
    1    -3
   -3    -1
    2    -1
    1     0
   -2    -2

r4_lp12_24=
    1    -3
   -3    -1
    1    -1
    1    -1
   -2    -2

r4_lp12_25=
   -1     3
   -3    -2
   -2    -2
    1    -1

r4_lp12_26=
    2    -3
   -3    -2
   -2     1
   -1    -2

r4_lp12_27=
   -1    -3
   -3    -2
    2     0
    1     0
   -2    -2

r4_lp12_28=
    2     3
   -3    -4
   -3    -2
   -2     1
    0    -1

r4_lp12_29=
    1    -3
   -4    -3
    1     2
   -1     1
    0    -1
   -2    -2

r4_lp12_30=
    1     3
   -3    -4
   -2    -2
   -2     1
    0    -1

r4_lp12_31=
    0     1
    1    -3
   -4    -3
   -2    -2
   -1     1
    0    -1

r4_lp12_32=
    0     2
   -1    -3
   -4    -3
   -2    -2
    0     1
    0    -1

r4_lp12_33=
    0     2
    1    -3
   -4    -2
   -2    -1
    1     0

r4_lp12_34=
   -1     2
   -3    -4
   -3    -2
   -2     1
    0    -1

r4_lp12_35=
   -1    -3
   -4    -1
    2     0
    1     0
   -2    -2

r4_lp12_36=
   -1    -3
   -4    -3
   -1     1
    0     1
    0    -1
   -2    -2

r4_lp12_37=
    1    -3
   -4    -1
    1    -1
    1     0
   -2    -2

r4_lp12_38=
    0     1
   -3    -4
   -3    -1
   -2    -1
    1     0
   -1    -2

r4_lp12_39=
    0    -3
   -4    -2
    1    -1
    1     0
   -2    -2

r4_lp12_40=
    0    -1
   -3    -4
   -2     0
   -1     0
    1     0
   -2    -2

r4_lp12_41=
    1    -3
   -4    -2
   -1    -1
    1     0
   -2    -2

r4_lp12_42=
    1    -3
   -4    -3
   -2     1
    0    -2

r4_lp12_43=
    0    -3
   -4    -3
    0    -1
    1     0
   -2    -2

r4_lp12_44=
    0    -1
   -3    -4
   -3    -2
    0     1
    0    -2

r4_lp12_45=
    0    -1
   -3    -4
   -3    -1
   -1     0
    1     0
   -2    -2

r4_lp12_46=
    1    -3
   -4    -3
   -2    -1
    1     0
   -2    -2

r4_lp12_47=
   -2    -3
    2     1
   -2    -2

r4_lp12_48=
    1    -2
   -3     1
   -1     1
   -2    -2

r4_lp12_49=
    0     3
   -2    -3
   -2    -2
    1    -1

r4_lp12_50=
    1    -2
   -3    -1
    2    -1
    1    -1
   -2    -2

r4_lp12_51=
    1    -2
   -3    -2
    1    -1
    1    -1
   -2    -2

r4_lp12_52=
    1     3
   -2    -3
   -3    -2
   -2     1
    0    -1

r4_lp12_53=
    0     2
    1    -2
   -3    -3
   -2    -2
   -1     1
    0    -1

r4_lp12_54=
   -1     2
   -2    -3
   -3    -2
   -2     1
    0    -1

r4_lp12_55=
    1    -2
   -3    -3
   -1     1
   -1     1
    0    -1
   -2    -2

r4_lp12_56=
    0     1
   -2    -3
   -3    -2
   -2    -1
    1     0
   -1    -2

r4_lp12_57=
    1    -2
   -3    -3
   -1    -1
    1     0
   -2    -2

r4_lp12_58=
   -2    -4
   -3     2
    3     1
    0    -1
   -2    -2

r4_lp12_59=
    1    -2
   -4    -3
    1     2
   -1     1
    0    -1
   -2    -2

r4_lp12_60=
    1     3
   -2    -4
   -2    -2
   -2     1
    0    -1

r4_lp12_61=
    0     1
    1    -2
   -4    -3
   -2    -2
   -1     1
    0    -1

r4_lp12_62=
    0     2
   -2    -4
   -3    -2
   -2     1
    0    -1

r4_lp12_63=
    0     2
    1    -2
   -4    -2
   -2    -1
    1     0

r4_lp12_64=
   -1     2
   -2    -4
   -2    -2
    1     0

r4_lp12_65=
    1    -2
   -4    -1
    1    -1
    1     0
   -2    -2

r4_lp12_66=
    0     1
   -2    -4
   -3    -1
   -2    -1
    1     0
   -1    -2

r4_lp12_67=
    1    -2
   -4    -2
   -1    -1
    1     0
   -2    -2

r4_lp12_68=
    1    -2
   -4    -3
   -2    -1
    1     0
   -2    -2

r4_lp12_69=
    0     3
   -2    -3
   -2    -2
   -2     1
    1    -1

r4_lp12_70=
    1    -2
   -3    -2
   -1     2
   -1     1
    1    -1
   -2    -2

r4_lp12_71=
   -1     3
   -2    -3
   -2    -2
    1     1

r4_lp12_72=
    1     3
   -2    -3
   -3    -2
   -2    -2
    1     1
    0    -1

r4_lp12_73=
    0     2
    1    -2
   -3    -3
   -2    -2
   -2    -1
    1     1
    0    -1

r4_lp12_74=
    0     3
   -2    -3
   -3    -2
   -2     1
    1     0

r4_lp12_75=
    0     1
   -2    -3
   -3    -2
   -2    -1
    1     1
    0    -2

r4_lp12_76=
   -2    -3
   -3     2
    3     1
    1    -1
   -2    -2

r4_lp12_77=
    1    -2
   -3    -3
    1     2
   -1     1
    1    -1
   -2    -2

r4_lp12_78=
    0     1
    1    -2
   -3    -3
   -2    -2
   -1     1
    1    -1

r4_lp12_79=
    0     2
   -2    -3
   -3    -2
   -2     1
    1    -1

r4_lp12_80=
    0     1
   -2    -3
   -3    -1
   -2    -1
    1     1
   -1    -2

r4_lp12_81=
    0    -2
   -3    -3
   -2     0
   -1     1
    1    -1
   -2    -2

r4_lp12_82=
    1    -2
   -3    -3
   -2    -1
   -1     1
    1    -1
   -2    -2

r4_lp12_83=
    1    -2
   -3    -3
   -2    -1
    1     1
   -2    -2

r4_lp12_84=
   -2    -3
   -4    -2
    2     3
    1     1
    0    -1
   -2    -2

r4_lp12_85=
   -2    -3
   -4    -3
    3     1
    1     0
   -1    -2

r4_lp12_86=
    1    -2
   -3    -4
   -3     2
   -1     1
    1     0
   -1    -2

r4_lp12_87=
    1    -2
   -3    -4
   -2     1
    2    -1
    1     1
    0    -1
   -2    -2

r4_lp12_88=
    1    -2
   -3    -4
   -3     1
   -1     1
    1     0
   -1    -2

r4_lp12_89=
    1     3
   -2    -3
   -4    -2
   -2     1
    1     0

r4_lp12_90=
    0     1
   -2    -3
   -4    -3
   -2    -1
    1     1
    0    -1

r4_lp12_91=
    0     1
    1    -2
   -3    -4
   -2    -2
   -1     1
    1     0

r4_lp12_92=
    0     2
   -2    -3
   -4    -2
   -2     1
    1     0

r4_lp12_93=
    0     1
   -2    -3
   -4    -1
   -2    -1
    1     1
    0    -2

r4_lp12_94=
    1    -2
   -3    -4
   -3    -1
   -1     1
    1     0
   -1    -2

r4_lp12_95=
    0    -1
   -2    -3
   -4    -2
   -2     0
    1     1
    0    -2

r4_lp12_96=
    0    -2
   -3    -4
   -2    -1
   -1     1
    1     0
   -2    -2

r4_lp12_97=
    1    -2
   -3    -4
   -2    -1
    1     1
    0    -2

r4_lp12_98=
    1    -2
   -3    -4
   -3    -1
    1     1
    0    -2

r4_lp12_99=
    0    -3
   -4     1
    3     0
    1     0
   -2    -2

r4_lp12_100=
    0    -3
   -4    -2
    1     2
    0     1
    0    -1
   -2    -2

r4_lp12_101=
    0    -3
   -4     0
    1     1
    0     1
    0    -2
   -2    -1

r4_lp12_102=
    0    -3
   -4    -1
    1     0
    1     0
   -2    -2

r4_lp12_103=
    0    -3
   -4    -3
    3     0
    1     0
   -1    -2

r4_lp12_104=
    0    -3
   -4    -3
    2     0
    1     0
   -1    -2

r4_lp12_105=
    0    -3
   -4    -3
    1     1
    0     1
    0    -1
   -2    -1

r4_lp12_106=
    0    -3
   -4    -3
    0     1
    0     1
    0    -1
   -2    -1

r4_lp12_107=
    0    -2
   -3     1
    3     0
    1    -1
   -2    -2

r4_lp12_108=
    0    -2
   -3    -3
    2     3
    0     1
    0    -1
   -2    -2

r4_lp12_109=
    0    -2
   -3    -3
    1     2
    0     1
    0    -1
   -2    -2

r4_lp12_110=
    0    -2
   -3    -3
    0     1
    1     0
    1     0
   -1    -2
   -2    -1

r4_lp12_111=
    0    -2
   -3    -3
   -1     0
    1     0
    1     0
   -1    -2
   -2    -1

r4_lp12_112=
    0    -2
   -4     1
    3     0
    1     0
   -2    -2

r4_lp12_113=
    0    -2
   -4    -2
    1     2
    0     1
    0    -1
   -2    -2

r4_lp12_114=
    0    -2
   -4     0
    1     1
    0     1
    0    -2
   -2    -1

r4_lp12_115=
    0    -2
   -4    -3
    3     0
    1     0
   -1    -2

r4_lp12_116=
    0    -2
   -4    -3
    2     0
    1     0
   -1    -2

r4_lp12_117=
    0    -2
   -4    -3
    1     1
    0     1
    0    -1
   -2    -1

r4_lp12_118=
    0    -2
   -4    -3
   -1     1
    0     1
    0    -1
   -2    -1

r4_lp12_119=
    0    -2
   -4    -2
    1     0
    1     0
   -2    -1

r4_lp12_120=
    0    -2
   -4    -3
    1     0
    1     0
   -2    -1

r4_lp12_121=
    0    -2
   -3    -3
   -2     0
    1     1
    0     1
    1     0
   -1    -2
   -2    -1

r4_lp12_122=
    0    -2
   -3    -3
    3     0
    1     1
   -1    -2

r4_lp12_123=
    0    -2
   -3    -3
    2     0
    1     1
   -1    -2

r4_lp12_124=
    0    -2
   -3    -3
    1     0
    1     1
   -2    -1

r4_lp12_125=
   -2     3
   -3    -3
   -1    -2
    2     0

r4_lp12_126=
    1    -3
   -3     2
   -1     2
   -1    -2

r4_lp12_127=
   -1     2
    3    -3
   -3    -1
   -2    -2
    2     0

r4_lp12_128=
   -2     2
    3    -3
   -3    -1
   -2    -2
    2     1

r4_lp12_129=
    1    -3
   -3     1
   -1     2
   -1    -2

r4_lp12_130=
    0    -3
   -3     1
    0     2
   -1    -2

r4_lp12_131=
    1     3
   -3    -2
   -2    -2
    2    -1

r4_lp12_132=
    0    -3
   -3     0
    0     2
   -1    -2

r4_lp12_133=
    1    -3
   -3    -1
   -1     2
   -1    -2

r4_lp12_134=
    2    -3
   -2    -2
    2    -2

r4_lp12_135=
    1    -3
   -2     1
   -1     2
   -2    -2

r4_lp12_136=
    0     1
   -3    -3
   -2    -2
   -1     2
    1    -2

r4_lp12_137=
    1    -3
   -3    -2
   -1    -1
    2     0
   -2    -2

r4_lp12_138=
    0    -3
   -3    -2
   -1     1
    0     2
    1    -2
   -2    -1

r4_lp12_139=
   -1     3
   -3    -4
   -1    -2
    2     0

r4_lp12_140=
    2    -3
   -4    -3
   -2     2
    0    -1

r4_lp12_141=
    1    -3
   -4    -2
    2    -1
    2     0
   -1    -2

r4_lp12_142=
    1     2
   -3    -4
   -2    -2
   -2     2
    0    -1

r4_lp12_143=
    1    -3
   -4     1
    2    -1
    2     0
   -2    -2

r4_lp12_144=
    1    -3
   -4    -2
    1    -1
    2     0
   -1    -2

r4_lp12_145=
    0    -3
   -4     1
    1     0
    2     0
   -2    -1

r4_lp12_146=
    0    -3
   -4    -2
    1     0
    2     0
   -1    -2

r4_lp12_147=
    0     1
   -3    -4
   -2    -1
    2     0

r4_lp12_148=
    0    -3
   -4     0
    0     2
    0    -2

r4_lp12_149=
    1    -3
   -4    -1
   -1     2
    0    -2

r4_lp12_150=
    0    -3
   -4    -1
    0     0
    2     0
   -2    -1

r4_lp12_151=
    2    -3
   -2     3
   -1    -1
   -2    -2

r4_lp12_152=
   -1     3
    2    -4
   -3    -2
   -2    -1
    0    -1

r4_lp12_153=
    2    -4
   -2     2
   -1     0
   -2    -2

r4_lp12_154=
    1     2
   -4    -3
   -2    -1
    0    -2

r4_lp12_155=
   -1     3
    2    -3
   -3    -2
   -2    -1
    0    -1

r4_lp12_156=
    0     3
    2    -3
   -4    -3
   -2    -2
   -1     0
    0    -1

r4_lp12_157=
   -1     2
    2    -3
   -4    -3
   -2    -2
   -1     0
    0    -1

r4_lp12_158=
    1     2
   -3    -4
   -2    -2
   -1     0
    0    -2

r4_lp12_159=
    0     2
   -3    -4
   -3    -2
   -1     0
    0    -2

r4_lp12_160=
   -1     3
    2    -2
   -3    -2
   -2    -1
    0    -1

r4_lp12_161=
    0     3
    2    -2
   -3    -3
   -2    -2
   -1     0
    0    -1

r4_lp12_162=
    1     3
    2    -2
   -4    -3
   -2    -2
   -1     0
    0    -1

r4_lp12_163=
    0     2
    2    -2
   -4    -3
   -2    -2
   -1     0
    0    -1

r4_lp12_164=
    1     2
   -2    -4
   -3    -1
   -2    -1
    0     0
   -1    -2

r4_lp12_165=
    0     2
   -2    -4
   -2    -2
   -1     0
    0    -2

r4_lp12_166=
   -1     2
   -2    -4
   -3    -2
   -1     0
    0    -2

r4_lp12_167=
    2    -3
   -3     2
    3    -1
    1    -1
   -2    -2

r4_lp12_168=
    1     2
    2    -3
   -3    -2
   -2    -1
    1    -1

r4_lp12_169=
    0     1
    2    -3
   -3    -2
   -2    -1
    1    -1

r4_lp12_170=
    0     2
   -3    -3
   -1    -2
   -1     1
   -1    -2

r4_lp12_171=
   -1     2
   -3    -3
   -2    -2
   -1     1
   -1    -2

r4_lp12_172=
    2    -3
   -3    -2
   -1     1
   -2    -2

r4_lp12_173=
    2    -3
   -4    -3
    3    -1
    1     0
   -1    -2

r4_lp12_174=
    2    -3
   -4    -3
    2    -1
    1     0
   -1    -2

r4_lp12_175=
    1     2
   -3    -4
   -3    -2
   -1     1
    0    -1

r4_lp12_176=
    0     2
   -3    -4
   -3    -2
   -1     1
    0    -1

r4_lp12_177=
   -1     2
   -3    -4
   -3    -2
   -1     1
    0    -1

r4_lp12_178=
    2    -3
   -4    -2
   -1     1
    0    -2

r4_lp12_179=
    2    -3
   -4    -3
   -1     1
    0    -2

r4_lp12_180=
    0    -3
   -3     3
    2     0
    1    -1
   -2    -1

r4_lp12_181=
    0    -3
   -3     2
    2     0
    1    -1
   -2    -1

r4_lp12_182=
    0    -3
   -3     1
    2     0
    1    -1
   -2    -1

r4_lp12_183=
    0    -3
   -3     0
    2     0
    1    -1
   -2    -1

r4_lp12_184=
    0    -3
   -3    -1
    2     0
    1    -1
   -2    -1

r4_lp12_185=
    0    -3
   -3    -2
    2     0
    1    -1
   -2    -1

r4_lp12_186=
    0    -3
   -3     2
    0     1
   -2    -1

r4_lp12_187=
   -1     2
   -2    -3
   -2    -1
    1    -2

r4_lp12_188=
   -2    -3
   -3    -2
    2     1
   -1    -2
   -2    -1

r4_lp12_189=
   -2    -3
   -3     2
    1     0
   -2    -1

r4_lp12_190=
    0     2
   -2    -4
   -2    -1
    1     0

r4_lp12_191=
   -1     2
   -2    -4
   -2    -1
    1     0

r4_lp12_192=
   -1     2
   -3    -2
   -2    -1
    2    -2

r4_lp12_193=
    2    -3
   -3    -2
    3    -1
    2     1
   -1    -2

r4_lp12_194=
    2    -3
   -3    -2
    2    -1
    2     1
   -1    -2

r4_lp12_195=
    2    -3
   -3    -2
   -1     2
    1    -2

r4_lp12_196=
    2    -3
   -3     2
    3    -1
    2     0
   -2    -2

r4_lp12_197=
   -1     3
    2    -3
   -3    -1
   -2    -1
    2     0

r4_lp12_198=
   -1     2
    2    -3
   -3    -1
   -2    -1
    2     0

r4_lp12_199=
    2    -3
   -4     3
   -1     2
    0    -2

r4_lp12_200=
   -1    -3
   -3     3
    2     1
    0    -1
   -2    -1

r4_lp12_201=
   -1    -3
   -3     2
    3     1
    0    -1
   -2    -2

r4_lp12_202=
   -1    -4
    1     3
    1     0
   -2    -2

r4_lp12_203=
   -1    -4
   -1     2
    1     0
   -2    -1

r4_lp12_204=
   -1    -4
   -3     3
    1     0
   -1    -2

r4_lp12_205=
   -1    -4
   -3     2
    1     0
   -1    -2

r4_lp12_206=
   -1    -2
   -3    -2
    2     1
    1    -2
   -2    -1

r4_lp12_207=
   -1    -2
   -3     3
    2     1
    1    -1
   -2    -1

r4_lp12_208=
   -1    -2
   -3     2
    2     1
    1    -1
   -2    -1

r4_lp12_209=
   -1    -2
   -3     1
    2     1
    1    -1
   -2    -1

r4_lp12_210=
    0     2
   -1    -2
   -3    -2
   -1     1
    1    -1

r4_lp12_211=
   -1    -2
   -3    -3
    3     1
    1     0
   -1    -2

r4_lp12_212=
   -1    -3
   -2     2
    1     2
   -2    -1

r4_lp12_213=
   -1    -3
   -3    -1
    2     1
    2     1
   -2    -1

r4_lp12_214=
   -1    -3
   -3    -1
    3     1
    2     0
   -1    -2

r4_lp12_215=
    0    -1
   -3    -4
   -1    -1
    1     2
    0    -2

r4_lp12_216=
    0    -1
   -3    -4
   -1    -2
    1     2
    0    -2

r4_lp12_217=
    1    -3
   -2     1
    0     2
   -2    -1

r4_lp12_218=
    0     3
    3    -4
   -3    -2
   -2    -1
    0    -1

r4_lp12_219=
   -1     2
    3    -4
   -3    -2
   -2    -1
    0    -1

r4_lp12_220=
    1     3
   -4    -2
   -2    -1
    0    -2

r4_lp12_221=
    0     3
   -4    -3
   -2    -1
    0    -2

r4_lp12_222=
    0     3
    3    -3
   -3    -2
   -2    -1
    0    -1

r4_lp12_223=
    1     3
    3    -3
   -4    -3
   -2    -2
   -1     0
    0    -1

r4_lp12_224=
    0     2
    3    -3
   -4    -3
   -2    -2
   -1     0
    0    -1

r4_lp12_225=
    1     3
   -3    -4
   -3    -1
   -2    -1
    0     0
   -1    -2

r4_lp12_226=
    0     3
   -3    -4
   -2    -2
   -1     0
    0    -2

r4_lp12_227=
   -1     3
   -3    -4
   -3    -2
   -1     0
    0    -2

r4_lp12_228=
    0     3
    3    -2
   -3    -2
   -2    -1
    0    -1

r4_lp12_229=
    1     3
    3    -2
   -3    -3
   -2    -2
   -1     0
    0    -1

r4_lp12_230=
   -2     3
   -3    -3
   -2    -1
    1     0

r4_lp12_231=
   -1     3
   -3    -2
   -2    -1
    1    -2

r4_lp12_232=
   -2    -3
   -2     3
    1    -2
   -2    -1

r4_lp12_233=
   -2    -3
    3     3
    1    -1
   -2    -1

r4_lp12_234=
   -2    -3
    2     3
    1    -1
   -2    -1

r4_lp12_235=
    1     3
   -2    -3
   -2    -1
    1    -1

r4_lp12_236=
   -2    -3
   -2     3
    1    -1
   -2    -1

r4_lp12_237=
   -2    -3
   -3     3
    1    -1
   -2    -1

r4_lp12_238=
   -2    -3
   -2     3
    1     1
   -2    -1

r4_lp12_239=
    1    -3
   -2     3
    0     1
   -2    -1

r4_lp12_240=
    1    -2
   -3     3
    0     1
   -2    -1

r4_lp12_241=
    2    -3
   -2    -1
    1    -3

r4_lp12_242=
    1    -3
   -2     0
    0     1
   -3    -2

r4_lp12_243=
   -2     3
   -4    -3
   -1     0

r4_lp12_244=
    1    -3
   -4    -2
   -2     1
    0    -3

r4_lp12_245=
   -1    -2
    3     1
   -3    -2

r4_lp12_246=
   -1     2
   -3    -3
   -1     2

r4_lp12_247=
    3    -4
    0     3
    0     0
   -1    -1

r4_lp12_248=
    3    -3
   -4     1
    3     0
    1     0
   -1    -1

r4_lp12_249=
    3    -3
   -4     0
    2     0
    1     0
   -1    -1

r4_lp12_250=
    3    -3
   -4    -1
    1     0
    1     0
   -1    -1

r4_lp12_251=
    3    -3
   -4    -2
    0     0
    1     0
   -1    -1

r4_lp12_252=
    3    -3
   -4    -3
   -1     0
    1     0
   -1    -1

r4_lp12_253=
    3    -2
   -3    -4
    2     3
    0     1
    1     0
   -1    -1

r4_lp12_254=
    3    -2
   -3    -4
    1     2
    0     1
    1     0
   -1    -1

r4_lp12_255=
    3    -2
   -3    -4
   -1     0
    0     1
    1     0
   -1    -1

r4_lp12_256=
    3    -2
   -3    -4
   -2    -1
    0     1
    1     0
   -1    -1

r4_lp12_257=
    3    -2
   -3    -4
   -3    -2
    0     1
    1     0
   -1    -1

r4_lp12_258=
    2    -4
    1     3
    3     1
    0    -1
   -1     0

r4_lp12_259=
    1    -4
    2     3
    3     2
    1     0
   -1    -1
    0     1

r4_lp12_260=
    4    -4
    1     3
    0     0
   -1    -1

r4_lp12_261=
    4    -3
   -3    -1
    0     1
   -1    -1

r4_lp12_262=
    4    -3
   -4     2
    3     0
    1     0
   -1    -1

r4_lp12_263=
    4    -3
   -4     1
    2     0
    1     0
   -1    -1

r4_lp12_264=
    4    -3
   -4     0
    1     0
    1     0
   -1    -1

r4_lp12_265=
    4    -3
   -4    -1
    0     0
    1     0
   -1    -1

r4_lp12_266=
    4    -3
   -4    -2
   -1     0
    1     0
   -1    -1

r4_lp12_267=
    4    -3
   -4    -3
   -2     0
    1     0
   -1    -1

r4_lp12_268=
    4    -2
   -3    -3
   -2     0
    1     1
   -1    -1
