r2_lp9_1=
    1    -1
   -2     0
    1     0
    1     0
   -2    -1

r2_lp9_2=
    2    -2
    0     0
    0    -2

r2_lp9_3=
    2    -1
   -1     0
    0     1
   -1    -2

r2_lp9_4=
    2    -1
   -2    -1
    1     0
    1     0
   -1    -1

r2_lp9_5=
    0    -1
   -1     0
    2     1
    0    -1
   -2     0

r2_lp9_6=
    0    -2
   -1     1
    2     1
    0    -1
   -1     0

r2_lp9_7=
    0    -1
   -1     0
    2     1
    1     0
   -2     0

r2_lp9_8=
    0    -1
   -1     1
    2     1
    1    -1
   -1     0

r2_lp9_9=
    0    -1
   -1     0
    1     1
    1     1
   -1    -2
   -1     0

r2_lp9_10=
    0    -1
   -2     0
    1     2
    1     1
    0    -1
   -1     0

r2_lp9_11=
    0    -1
   -2    -1
    0     2
    1     1
    0    -1
   -1     0

r2_lp9_12=
    1    -1
   -1     1
    1     1
   -1    -1
