r2_lp6_1=
    0    -2
   -1     1
    0     0
   -1    -1

r2_lp6_2=
   -1    -1
    1     1
   -1    -1

r2_lp6_3=
    0     1
   -1    -2
   -1    -1
    1     0

r2_lp6_4=
    0    -1
   -2    -1
    0     0
    1     0
   -1    -1

r2_lp6_5=
    1    -2
    0     1
    0     0
   -1    -1

r2_lp6_6=
    1    -1
    0     1
    0     1
   -2    -1

r2_lp6_7=
    1    -1
   -2     1
    0     1
    0    -1

r2_lp6_8=
    1    -1
   -2     0
    0     1
    0    -1

r2_lp6_9=
    2    -2
    1     0
    0    -1

r2_lp6_10=
    2    -1
   -1     0
    0     1
    0    -1

r2_lp6_11=
    2    -1
   -1     0
    1    -1
