r2_lp8_1=
    0     1
   -1    -2
   -2    -1
    1     0

r2_lp8_2=
    1    -2
    0     1
    0     0
   -2    -1

r2_lp8_3=
    1    -1
   -1     0
    1     0
    1    -1
   -2    -1

r2_lp8_4=
    1    -1
   -2    -1
    1     0
    1     0
   -1    -1

r2_lp8_5=
    1    -1
   -2     0
    0     1
    0    -2

r2_lp8_6=
    2    -2
   -1     1
    0     0
   -1    -1

r2_lp8_7=
    2    -1
   -1     0
    0     1
    0    -2

r2_lp8_8=
    2    -1
   -1     1
    0     1
   -1    -1

r2_lp8_9=
    2    -1
   -2     0
    1     0
    1     0
   -1    -1

r2_lp8_10=
    2    -1
   -2    -1
    0     0
    1     0
   -1    -1

r2_lp8_11=
    0    -1
    0     2
    1     0
   -2     0

r2_lp8_12=
    0    -1
   -1     1
    2     1
    0    -1
   -1     0

r2_lp8_13=
    0    -1
   -1     0
    1     1
    1     0
   -1    -2
   -1     0

r2_lp8_14=
    0    -1
   -1     0
    1     2
    1     1
    0    -1
   -1     0

r2_lp8_15=
    0    -1
   -1     0
    2     1
    1    -1
   -1     0

r2_lp8_16=
    0    -1
   -1     1
    1     1
    1    -1
   -1     0
