r2_lp7_1=
   -1    -2
   -1     1
    1     0
   -1    -1

r2_lp7_2=
    1    -1
   -1     0
    1     0
    0    -1
   -2    -1

r2_lp7_3=
    1    -2
   -1     1
    0     0
   -1    -1

r2_lp7_4=
    1    -2
    0     0
    0    -2

r2_lp7_5=
    1    -1
   -1     0
    1     0
    1     0
   -2    -1

r2_lp7_6=
    1    -1
   -1     0
    0     1
   -1    -2

r2_lp7_7=
    1    -1
   -2     0
    1     0
    1     0
   -1    -1

r2_lp7_8=
    2    -2
    0     1
    0     0
   -1    -1

r2_lp7_9=
    2    -1
    0     0
    1    -2

r2_lp7_10=
    2    -1
   -1     0
    1     0
    1     0
   -1    -1

r2_lp7_11=
    2    -1
   -1     0
    0     1
   -1    -1

r2_lp7_12=
    2    -1
   -2     1
    0     1
    0    -1

r2_lp7_13=
    2    -1
   -2     0
    0     1
    0    -1

r2_lp7_14=
    2    -1
   -2    -1
    0     1
    0    -1

r2_lp7_15=
    0    -1
   -1     0
    1     1
    1     1
    0    -1
   -1     0
